3.475693894723154154e-01
3.252679845844992368e-01
3.051866788710468903e-01
2.884896075369409174e-01
2.759528596704486358e-01
2.678491256498061746e-01
2.639296079671735740e-01
2.635065156018207011e-01
2.656128364527932106e-01
2.691963313532063085e-01
2.732981173360972127e-01
2.771746777106254833e-01
2.803425220293808695e-01
2.825500818636490497e-01
2.837034658584073887e-01
2.837845000843294274e-01
2.827976695150250519e-01
2.807682352811301518e-01
2.777919832844437664e-01
2.741151405798237795e-01
2.702083744892782580e-01
2.667965750395343560e-01
2.648174787100153749e-01
2.653038445643207677e-01
2.692090251524731359e-01
2.772161461328838117e-01
2.895797959915475950e-01
3.060429505772900294e-01
3.258525888172495999e-01
3.478712652837756547e-01
3.224459511785349175e-01
2.961989780857753329e-01
2.725642367224533347e-01
2.529122622650964991e-01
2.381569123600178473e-01
2.286195657201324227e-01
2.240078125125903319e-01
2.235125455015872786e-01
2.259960154353643502e-01
2.302201633987061569e-01
2.350568020328067664e-01
2.396311900163025643e-01
2.433745450559422763e-01
2.459908999424802178e-01
2.473696515568979681e-01
2.474890460147752547e-01
2.463537115298272684e-01
2.439924645241713930e-01
2.405169248772663082e-01
2.362156688402104465e-01
2.316414320304261976e-01
2.276462663413624243e-01
2.253329243354976752e-01
2.259162363053185407e-01
2.305178324110524479e-01
2.399415467128570012e-01
2.544870693064393841e-01
2.738521433054186272e-01
2.971509215285785266e-01
3.230452663358173715e-01
3.007538101072489978e-01
2.710994970726712805e-01
2.443960207620432812e-01
2.221921847837305397e-01
2.055208471070940623e-01
1.947454573093113650e-01
1.895359647278073711e-01
1.889785151975921229e-01
1.917879320402610110e-01
1.965657036986758199e-01
2.020374524476263312e-01
2.072151305594951420e-01
2.114563123572529846e-01
2.144266943999713071e-01
2.160012359944618598e-01
2.161550717282580969e-01
2.148929179577055981e-01
2.122466114169197504e-01
2.083413851561921604e-01
2.035023212630359124e-01
1.983529626841590843e-01
1.938551172159428404e-01
1.912539945168179045e-01
1.919216238980914757e-01
1.971249365011199517e-01
2.077720003272911509e-01
2.242014578882413622e-01
2.460720030398509117e-01
2.723831035447206728e-01
3.016233364496778702e-01
2.847634742804146524e-01
2.525971239355172537e-01
2.236312269329845392e-01
1.995460258987364899e-01
1.814621235518209530e-01
1.697739979396191701e-01
1.641238589027063099e-01
1.635206382533180847e-01
1.665704789817368248e-01
1.717565861655289128e-01
1.776968135051634756e-01
1.833195875752509085e-01
1.879281962863257882e-01
1.911600760870967308e-01
1.928795395343256280e-01
1.930594173762697485e-01
1.917044733675958845e-01
1.888487461852936811e-01
1.846274749724063358e-01
1.793926226317222317e-01
1.738199017597021889e-01
1.689520075127798893e-01
1.661391509812533696e-01
1.668692378862842718e-01
1.725163109390686622e-01
1.840652798084219111e-01
2.018835060177924245e-01
2.256009011330273872e-01
2.541323929601682075e-01
2.858388199253248940e-01
2.762716932633667022e-01
2.427712096314583734e-01
2.126037443762223145e-01
1.875193505802663085e-01
1.686852356664472197e-01
1.565123604184368022e-01
1.506282057178012779e-01
1.500006984060030524e-01
1.531782645892026951e-01
1.585812923461081825e-01
1.647704027408834482e-01
1.706296648072394562e-01
1.754335372298180262e-01
1.788044484580930127e-01
1.806010558173729019e-01
1.807949634903923131e-01
1.793909549721594554e-01
1.764242308378887181e-01
1.720353352211043685e-01
1.665904972635619541e-01
1.607931267091646244e-01
1.557288686855678450e-01
1.528036927801124101e-01
1.535670408866418590e-01
1.594498390310187808e-01
1.714778059489948103e-01
1.900335562153808722e-01
2.147317172206688052e-01
2.444423212271566725e-01
2.774583696858264892e-01
2.762716932651871904e-01
2.427712096301430922e-01
2.126037443848359243e-01
1.875193505776482916e-01
1.686852356661416863e-01
1.565123604166491766e-01
1.506282057117584450e-01
1.500006984067582261e-01
1.531782645865317760e-01
1.585812923391941576e-01
1.647704027406323712e-01
1.706296648069923205e-01
1.754335372317114561e-01
1.788044484599993211e-01
1.806010558168004709e-01
1.807949634881010348e-01
1.793909549734027387e-01
1.764242308382915070e-01
1.720353352208831565e-01
1.665904972637739512e-01
1.607931267097477135e-01
1.557288686860027749e-01
1.528036927799768518e-01
1.535670408866215975e-01
1.594498390309909142e-01
1.714778059490002504e-01
1.900335562153268598e-01
2.147317172206941183e-01
2.444423212271386592e-01
2.774583696858282655e-01
2.847634742764373894e-01
2.525971239358865139e-01
2.236312269347446868e-01
1.995460259015318649e-01
1.814621235529575438e-01
1.697739979489875095e-01
1.641238589044470841e-01
1.635206382582689022e-01
1.665704789846247369e-01
1.717565861629964941e-01
1.776968135037901297e-01
1.833195875755436743e-01
1.879281962837512920e-01
1.911600760852533720e-01
1.928795395313213645e-01
1.930594173783794498e-01
1.917044733669593937e-01
1.888487461833008307e-01
1.846274749716628749e-01
1.793926226322750117e-01
1.738199017592342299e-01
1.689520075126992316e-01
1.661391509812127354e-01
1.668692378861725278e-01
1.725163109391023020e-01
1.840652798083939334e-01
2.018835060177995855e-01
2.256009011330505354e-01
2.541323929601823073e-01
2.858388199253215078e-01
3.007538101097708139e-01
2.710994970777462765e-01
2.443960207629433667e-01
2.221921847863858046e-01
2.055208471090633759e-01
1.947454573136447320e-01
1.895359647230125399e-01
1.889785151920239104e-01
1.917879320382566144e-01
1.965657037009880814e-01
2.020374524398725891e-01
2.072151305657585763e-01
2.114563123593817262e-01
2.144266944010137510e-01
2.160012359963939255e-01
2.161550717267346489e-01
2.148929179575901349e-01
2.122466114166866036e-01
2.083413851561401464e-01
2.035023212631880130e-01
1.983529626841856186e-01
1.938551172161101510e-01
1.912539945167283095e-01
1.919216238981171219e-01
1.971249365010995791e-01
2.077720003272731097e-01
2.242014578882331466e-01
2.460720030398425850e-01
2.723831035447468185e-01
3.016233364496904712e-01
3.224459511803295930e-01
2.961989780844250242e-01
2.725642367251410736e-01
2.529122622686487132e-01
2.381569123605367655e-01
2.286195657173867857e-01
2.240078125149094213e-01
2.235125455016355733e-01
2.259960154401876031e-01
2.302201633968148919e-01
2.350568020308038131e-01
2.396311900166057107e-01
2.433745450590735770e-01
2.459908999419170017e-01
2.473696515583549971e-01
2.474890460162577077e-01
2.463537115293841506e-01
2.439924645230638622e-01
2.405169248772939805e-01
2.362156688402862192e-01
2.316414320302550012e-01
2.276462663413996168e-01
2.253329243353840994e-01
2.259162363053213718e-01
2.305178324110628840e-01
2.399415467128595547e-01
2.544870693064090750e-01
2.738521433054367238e-01
2.971509215285581540e-01
3.230452663358009957e-01
3.475693894731144984e-01
3.252679845874075770e-01
3.051866788728404556e-01
2.884896075344998145e-01
2.759528596653582078e-01
2.678491256499957451e-01
2.639296079629164238e-01
2.635065156061616731e-01
2.656128364491381344e-01
2.691963313554312509e-01
2.732981173375714778e-01
2.771746777111995241e-01
2.803425220337620871e-01
2.825500818613010945e-01
2.837034658571075951e-01
2.837845000844249066e-01
2.827976695158720966e-01
2.807682352826564864e-01
2.777919832844032988e-01
2.741151405800340557e-01
2.702083744895166784e-01
2.667965750396679159e-01
2.648174787099862870e-01
2.653038445642503795e-01
2.692090251524968392e-01
2.772161461328482845e-01
2.895797959915468178e-01
3.060429505772923608e-01
3.258525888172494334e-01
3.478712652837593344e-01
3.066225427963297778e-01
2.795828218781957197e-01
2.558790015787042460e-01
2.368658964417331703e-01
2.233122087696412517e-01
2.152808705659375876e-01
2.121538704877206083e-01
2.127971488279773449e-01
2.158225367158335128e-01
2.198771098136361180e-01
2.238845369092821724e-01
2.271800049152835621e-01
2.295145720194843308e-01
2.309452938609203310e-01
2.316613698428179324e-01
2.318134442221247427e-01
2.314082077111118130e-01
2.303055920056415462e-01
2.283192227053960077e-01
2.253840254734078563e-01
2.217296228125814062e-01
2.179925851999989783e-01
2.152168435625059772e-01
2.147249114618697829e-01
2.178827147404505116e-01
2.258150647699018188e-01
2.391461126789757863e-01
2.578338978024585781e-01
2.811421880701946430e-01
3.077548339512327091e-01
2.742901566960790349e-01
2.424684413640378067e-01
2.145719506637510099e-01
1.921956260866934940e-01
1.762445972158048768e-01
1.667933167757597035e-01
1.631147771806928937e-01
1.638746078387532390e-01
1.674394029984251353e-01
1.722173080490268515e-01
1.769420781520146813e-01
1.808318388504233099e-01
1.835941269199726222e-01
1.852964612830636515e-01
1.861616076089538385e-01
1.863665806258038016e-01
1.859185526491715645e-01
1.846515751265876970e-01
1.823448963008111878e-01
1.789203650608847118e-01
1.746466730103768406e-01
1.702716226251193565e-01
1.670227311102861489e-01
1.664557317496844213e-01
1.701778027264547188e-01
1.795126635739731635e-01
1.951950502846055424e-01
2.171759325624246784e-01
2.445893296318262244e-01
2.758868751382650419e-01
2.463743994444312635e-01
2.104231203696299568e-01
1.789059509966887673e-01
1.536252269595049236e-01
1.356039179611802648e-01
1.249264471126083631e-01
1.207716977682161130e-01
1.216323315030172769e-01
1.256631788045112219e-01
1.310660715956217803e-01
1.364107861148698975e-01
1.408143857694719725e-01
1.439468513281830231e-01
1.458847578127326905e-01
1.468798634090611177e-01
1.471319406216021752e-01
1.466485392626702411e-01
1.452413008370088132e-01
1.426597089605370905e-01
1.388142340734113134e-01
1.340072222389057099e-01
1.290824583729825448e-01
1.254259418397062897e-01
1.247947698100146385e-01
1.290044404764129071e-01
1.395504426792425479e-01
1.572630207669719615e-01
1.820870585694344679e-01
2.130445537162519165e-01
2.483866353246421965e-01
2.257967044210382745e-01
1.868009844749410342e-01
1.526145227998217391e-01
1.251925665054096082e-01
1.056449738184611631e-01
9.406352882955409944e-02
8.955774297519591975e-02
9.049276732830213721e-02
9.486732081940729699e-02
1.007311437912543628e-01
1.065331340081941414e-01
1.113158626368401793e-01
1.147216366932130027e-01
1.168337177203425670e-01
1.179252409429776827e-01
1.182127492677991221e-01
1.177040517927663288e-01
1.161942386689759354e-01
1.134108117523409121e-01
1.092558104499194993e-01
1.040563502147918151e-01
9.872694068989662508e-02
9.477039113851254415e-02
9.409223226982782462e-02
9.866153369614549806e-02
1.101004174300876381e-01
1.293095450126794388e-01
1.562293230932945698e-01
1.897991758625314773e-01
2.281224291276792715e-01
2.148688876741789988e-01
1.742562924982886119e-01
1.386521883735489236e-01
1.100930367455335013e-01
8.973484550067217791e-02
7.767331131290045043e-02
7.298110532731966194e-02
7.395566099842632024e-02
7.851278988077570187e-02
8.462146077968429880e-02
9.066637745407318816e-02
9.565055327529325968e-02
9.920160204214190092e-02
1.014063396110735926e-01
1.025492552285338088e-01
1.028557961360387352e-01
1.023339033541447174e-01
1.007698675521353504e-01
9.787950453876537171e-02
9.356036307884191272e-02
8.815270066892455514e-02
8.260857706962243530e-02
7.849282966969461928e-02
7.778981536317103318e-02
8.255016157633937590e-02
9.446324393410515663e-02
1.144671236003913517e-01
1.424998323435083813e-01
1.774569441070158460e-01
2.173632922038897242e-01
2.148688876694340721e-01
1.742562924975897820e-01
1.386521883668191402e-01
1.100930367490997042e-01
8.973484549376270492e-02
7.767331130467297617e-02
7.298110533290613766e-02
7.395566099443995345e-02
7.851278988143078896e-02
8.462146078031401730e-02
9.066637745010830418e-02
9.565055327331167812e-02
9.920160203900896256e-02
1.014063396092401148e-01
1.025492552291232262e-01
1.028557961377464802e-01
1.023339033532905673e-01
1.007698675531702448e-01
9.787950453905797099e-02
9.356036307872417357e-02
8.815270066909630664e-02
8.260857706963098401e-02
7.849282966972653819e-02
7.778981536314805156e-02
8.255016157629396778e-02
9.446324393409394338e-02
1.144671236004118908e-01
1.424998323434937264e-01
1.774569441070054654e-01
2.173632922038943316e-01
2.257967044203728069e-01
1.868009844767618555e-01
1.526145227974970986e-01
1.251925664995812704e-01
1.056449738199813915e-01
9.406352882806373605e-02
8.955774297270235884e-02
9.049276733348493584e-02
9.486732081267551520e-02
1.007311437967375878e-01
1.065331340013966899e-01
1.113158626386244743e-01
1.147216366909559748e-01
1.168337177160967966e-01
1.179252409426995718e-01
1.182127492686579906e-01
1.177040517939856312e-01
1.161942386693937124e-01
1.134108117525127746e-01
1.092558104501588079e-01
1.040563502147375807e-01
9.872694068995629957e-02
9.477039113864732522e-02
9.409223226989971156e-02
9.866153369607566503e-02
1.101004174300333482e-01
1.293095450126724999e-01
1.562293230933156640e-01
1.897991758625002245e-01
2.281224291277067495e-01
2.463743994438957474e-01
2.104231203673133099e-01
1.789059509985976848e-01
1.536252269588607167e-01
1.356039179544483719e-01
1.249264471118090580e-01
1.207716977734726305e-01
1.216323314969586233e-01
1.256631788056413179e-01
1.310660715962347345e-01
1.364107861160681612e-01
1.408143857663416432e-01
1.439468513258084226e-01
1.458847578060901706e-01
1.468798634083144927e-01
1.471319406216276549e-01
1.466485392622177697e-01
1.452413008378328207e-01
1.426597089605446955e-01
1.388142340731641777e-01
1.340072222396062052e-01
1.290824583730983410e-01
1.254259418397027925e-01
1.247947698099028391e-01
1.290044404763970309e-01
1.395504426792537056e-01
1.572630207669716285e-01
1.820870585694815413e-01
2.130445537162340974e-01
2.483866353246399206e-01
2.742901566975723959e-01
2.424684413619485890e-01
2.145719506624959028e-01
1.921956260935471228e-01
1.762445972157213325e-01
1.667933167820613849e-01
1.631147771753080900e-01
1.638746078377017468e-01
1.674394030060761818e-01
1.722173080459634686e-01
1.769420781482741734e-01
1.808318388505631424e-01
1.835941269252968078e-01
1.852964612851282222e-01
1.861616076088912219e-01
1.863665806250766055e-01
1.859185526477356576e-01
1.846515751258289706e-01
1.823448963006432111e-01
1.789203650617341435e-01
1.746466730106141507e-01
1.702716226251093090e-01
1.670227311103071877e-01
1.664557317497147859e-01
1.701778027264082005e-01
1.795126635740340038e-01
1.951950502845731794e-01
2.171759325624011416e-01
2.445893296318409904e-01
2.758868751382419493e-01
3.066225427968920503e-01
2.795828218852561275e-01
2.558790015794909500e-01
2.368658964414370738e-01
2.233122087719327520e-01
2.152808705674125189e-01
2.121538704862728220e-01
2.127971488214441820e-01
2.158225367137347472e-01
2.198771098164635229e-01
2.238845369061871482e-01
2.271800049148900991e-01
2.295145720165828185e-01
2.309452938622464369e-01
2.316613698430290413e-01
2.318134442222216096e-01
2.314082077102707635e-01
2.303055920061361506e-01
2.283192227051337730e-01
2.253840254735557380e-01
2.217296228120375634e-01
2.179925851998064656e-01
2.152168435624077780e-01
2.147249114618026700e-01
2.178827147404640008e-01
2.258150647699050384e-01
2.391461126789804492e-01
2.578338978024841133e-01
2.811421880701899800e-01
3.077548339512355402e-01
2.814607366909430697e-01
2.530991642950237708e-01
2.292084345670146739e-01
2.111233535742453316e-01
1.993894765449448214e-01
1.936681510428758246e-01
1.928331556829169791e-01
1.952415581173190251e-01
1.991113883135262053e-01
2.029068148944390138e-01
2.056287370505583967e-01
2.069366921650224733e-01
2.070783329754465885e-01
2.066598886782403666e-01
2.063374099229413061e-01
2.065301929754697063e-01
2.072483246568358473e-01
2.080889610119892041e-01
2.084021947303083544e-01
2.075734271759679395e-01
2.053313206818218606e-01
2.019802128684164422e-01
1.984766505244547896e-01
1.963153685530756309e-01
1.972467516969917956e-01
2.028981129352320223e-01
2.143994699080050137e-01
2.321124262185711440e-01
2.555297187553671190e-01
2.833637662429828730e-01
2.447238675265498986e-01
2.113501795835791008e-01
1.832371510077552834e-01
1.619560466086640838e-01
1.481492125241793967e-01
1.414182995856889113e-01
1.404380271055313267e-01
1.432750288949015127e-01
1.478324283832359587e-01
1.523032257924518129e-01
1.555123158996875032e-01
1.570599056309117669e-01
1.572383845749952269e-01
1.567619960320193462e-01
1.564032665954330770e-01
1.566555747495306239e-01
1.575301071904780525e-01
1.585515015364249991e-01
1.589531817967962946e-01
1.580098867313831645e-01
1.554003388363410232e-01
1.514809978983827077e-01
1.473763006389037233e-01
1.448445523446135752e-01
1.459454041542198044e-01
1.525940650572274460e-01
1.661207736591119866e-01
1.869516157301725490e-01
2.144902271143187544e-01
2.472219716371290843e-01
2.130070362097766790e-01
1.753052595977599437e-01
1.435461537380001706e-01
1.195052027327392352e-01
1.039083548995245465e-01
9.630571959422512540e-02
9.520012174145087158e-02
9.840739316150193261e-02
1.035587279071435995e-01
1.086129789424121750e-01
1.122430873095168757e-01
1.139980724638613996e-01
1.142090085466841431e-01
1.136834599491870490e-01
1.132945626169791220e-01
1.135996660143416270e-01
1.146108692041625798e-01
1.157901156451370261e-01
1.162699835856667030e-01
1.152295396038136022e-01
1.123042730068012918e-01
1.078955614456959533e-01
1.032727557213653502e-01
1.004217289381537093e-01
1.016691880276490156e-01
1.091789646607322917e-01
1.244542218919177379e-01
1.479767591682913941e-01
1.790733010863967412e-01
2.160331705989774198e-01
1.896283028871877940e-01
1.487358256076926621e-01
1.142887956211862677e-01
8.821326445539423577e-02
7.129682289322381017e-02
6.305158767881552384e-02
6.185366092195498933e-02
6.533397886162523038e-02
7.092326717200347908e-02
7.640777044049329447e-02
8.034842333326114305e-02
8.225653217840023235e-02
8.249171600713173236e-02
8.193036012540383384e-02
8.151978503211865235e-02
8.186449962356673327e-02
8.297725708090963881e-02
8.427374626336170405e-02
8.481215190025143125e-02
8.370095473727895419e-02
8.054371833248308299e-02
7.577488909891116897e-02
7.077061836878506540e-02
6.768452822736120700e-02
6.904019944890649185e-02
7.718475879025843422e-02
9.374886470587567855e-02
1.192554048918808562e-01
1.529744191101431450e-01
1.930507207162288075e-01
1.772132559681555142e-01
1.346262564379604454e-01
9.875171721426301286e-02
7.159565814673624073e-02
5.397841032968886399e-02
4.539191457431251964e-02
4.414497260019639713e-02
4.777032520861151932e-02
5.359223317249639518e-02
5.930527385104233939e-02
6.341090216139877445e-02
6.540040256248458306e-02
6.564856184561362884e-02
6.506832207078289132e-02
6.464640627007206541e-02
6.501236871492915848e-02
6.617930429429741412e-02
6.753832591611502734e-02
6.810809422892505349e-02
6.695958614483166205e-02
6.367939355905172238e-02
5.871951132151781438e-02
5.351280099747146579e-02
5.030196823158294972e-02
5.171514932261894737e-02
6.019681826887840481e-02
7.744534830666505165e-02
1.040054531424279283e-01
1.391170727752412128e-01
1.808482782355675944e-01
1.772132559649858274e-01
1.346262564388604477e-01
9.875171721454467644e-02
7.159565815118718035e-02
5.397841032512340487e-02
4.539191456705926608e-02
4.414497259922744998e-02
4.777032520308749364e-02
5.359223316368116885e-02
5.930527385059181089e-02
6.341090215900502258e-02
6.540040256371132399e-02
6.564856184179868048e-02
6.506832207060375683e-02
6.464640627281925678e-02
6.501236871246057758e-02
6.617930429477797416e-02
6.753832591617708880e-02
6.810809422945296454e-02
6.695958614491076544e-02
6.367939355840035454e-02
5.871951132167768650e-02
5.351280099741551055e-02
5.030196823156846131e-02
5.171514932260706798e-02
6.019681826885620035e-02
7.744534830661425895e-02
1.040054531424088324e-01
1.391170727752465419e-01
1.808482782355870233e-01
1.896283028846858509e-01
1.487358256107599863e-01
1.142887956224619694e-01
8.821326445084576306e-02
7.129682289295458109e-02
6.305158767107837958e-02
6.185366091841631997e-02
6.533397886133335275e-02
7.092326717228436550e-02
7.640777044303853627e-02
8.034842333052183427e-02
8.225653217296946540e-02
8.249171601016896949e-02
8.193036012632715082e-02
8.151978503507079088e-02
8.186449962245995193e-02
8.297725708028308444e-02
8.427374626172073890e-02
8.481215190087476596e-02
8.370095473748850878e-02
8.054371833203000097e-02
7.577488909868945743e-02
7.077061836885439883e-02
6.768452822749937425e-02
6.904019944895173344e-02
7.718475879024250252e-02
9.374886470583954079e-02
1.192554048918810228e-01
1.529744191101252704e-01
1.930507207162195371e-01
2.130070362130788153e-01
1.753052595968614957e-01
1.435461537362294759e-01
1.195052027356273139e-01
1.039083548949109037e-01
9.630571959447586927e-02
9.520012173801067901e-02
9.840739316372154599e-02
1.035587279075141365e-01
1.086129789392216161e-01
1.122430873145197627e-01
1.139980724619082397e-01
1.142090085467582505e-01
1.136834599470890605e-01
1.132945626209228562e-01
1.135996660151556426e-01
1.146108692026419629e-01
1.157901156460670600e-01
1.162699835848308161e-01
1.152295396037904540e-01
1.123042730071732720e-01
1.078955614459558565e-01
1.032727557213827252e-01
1.004217289382798306e-01
1.016691880276351378e-01
1.091789646607241315e-01
1.244542218919111320e-01
1.479767591682714656e-01
1.790733010863965191e-01
2.160331705989697038e-01
2.447238675268502694e-01
2.113501795824384022e-01
1.832371510065541886e-01
1.619560466116483077e-01
1.481492125270301163e-01
1.414182995883568328e-01
1.404380271039483152e-01
1.432750288978628661e-01
1.478324283805312334e-01
1.523032257931864475e-01
1.555123159004282996e-01
1.570599056296668738e-01
1.572383845747272191e-01
1.567619960336045226e-01
1.564032665932273969e-01
1.566555747504694285e-01
1.575301071907362349e-01
1.585515015361942948e-01
1.589531817967774208e-01
1.580098867313597388e-01
1.554003388361707705e-01
1.514809978981177530e-01
1.473763006391314856e-01
1.448445523448072536e-01
1.459454041542073699e-01
1.525940650572544799e-01
1.661207736590890049e-01
1.869516157301863157e-01
2.144902271143346861e-01
2.472219716371244214e-01
2.814607366881749506e-01
2.530991642941847197e-01
2.292084345666741685e-01
2.111233535723882060e-01
1.993894765489262477e-01
1.936681510448753363e-01
1.928331556883063347e-01
1.952415581174262171e-01
1.991113883154990161e-01
2.029068148966018947e-01
2.056287370517471680e-01
2.069366921680828586e-01
2.070783329747560852e-01
2.066598886761320530e-01
2.063374099251627514e-01
2.065301929759432720e-01
2.072483246578604721e-01
2.080889610123954903e-01
2.084021947302670541e-01
2.075734271757090910e-01
2.053313206813649483e-01
2.019802128685534992e-01
1.984766505243432122e-01
1.963153685531231485e-01
1.972467516969478307e-01
2.028981129352672719e-01
2.143994699080037925e-01
2.321124262185395026e-01
2.555297187553590699e-01
2.833637662429980275e-01
2.729524443865681826e-01
2.460727626791059941e-01
2.245904817782294893e-01
2.096669623818583350e-01
2.015072329931190120e-01
1.993065579861404424e-01
2.014263804437510519e-01
2.057679427045201459e-01
2.102531048033879912e-01
2.132868704803373983e-01
2.140774479173133682e-01
2.127283247811515010e-01
2.100817609317182089e-01
2.073648039817029831e-01
2.057458103282688855e-01
2.059345434093409755e-01
2.079449127620354165e-01
2.110905888867057878e-01
2.142144651998315608e-01
2.160834720869599379e-01
2.158308489506453043e-01
2.133131437611735515e-01
2.092733795901064453e-01
2.052578931324414158e-01
2.033055362541077993e-01
2.054927695822901801e-01
2.134572089651273208e-01
2.280242649904937746e-01
2.490274576569556086e-01
2.753551008334643724e-01
2.347639940870407949e-01
2.031393293794422905e-01
1.778654036144257100e-01
1.603091338325505211e-01
1.507118563562812597e-01
1.481264464766084421e-01
1.506244522183722845e-01
1.557359236885504927e-01
1.610154172417478380e-01
1.645864383657169583e-01
1.655181409738596399e-01
1.639336085022848333e-01
1.608254784648612268e-01
1.576390875649159584e-01
1.557502760944760589e-01
1.559945261893511681e-01
1.583876144937674812e-01
1.621204702628895045e-01
1.658293821987220640e-01
1.680609104958936673e-01
1.677926995061292392e-01
1.648539166158344837e-01
1.601174965337155420e-01
1.554023755302162968e-01
1.531077083067614031e-01
1.556773957641798267e-01
1.650392070364977148e-01
1.821652307008095883e-01
2.068602974004163375e-01
2.378168691497639098e-01
2.017965340726610712e-01
1.660747438552748201e-01
1.375268967285894761e-01
1.176974302644770987e-01
1.068590376156746680e-01
1.039416279121542219e-01
1.067663996202455889e-01
1.125428527948013069e-01
1.185083649942105799e-01
1.225433812347146989e-01
1.235970263526290358e-01
1.218093768001680677e-01
1.183030088552737280e-01
1.147118363877564495e-01
1.125909225518145762e-01
1.128843265273604679e-01
1.156094048912095218e-01
1.198510172420395037e-01
1.240669278847091883e-01
1.266132671126837805e-01
1.263331865373144014e-01
1.230320986047150345e-01
1.176950435191810307e-01
1.123763173845578334e-01
1.097862051222308621e-01
1.126859281054694017e-01
1.232538512655259599e-01
1.425887676719158614e-01
1.704707740262463300e-01
2.054232425766497339e-01
1.774972378898609371e-01
1.387551571751359236e-01
1.077938784657847537e-01
8.628871746830507616e-02
7.453548584602431859e-02
7.137343641730986565e-02
7.443919916855673558e-02
8.070595413702308374e-02
8.717725083057653590e-02
9.155435830555125332e-02
9.269793868326908770e-02
9.076063124988936748e-02
8.696084568363243728e-02
8.307155551420924988e-02
8.077997574894368871e-02
8.111021723163808206e-02
8.408078523684581196e-02
8.869830463668387788e-02
9.328887273264885316e-02
9.606816671875617608e-02
9.578012353327280959e-02
9.221258827032702277e-02
8.643320830604078742e-02
8.066977062023711342e-02
7.786192755902487939e-02
8.100484473624441906e-02
9.246164860107147776e-02
1.134245617133437523e-01
1.436554665477651205e-01
1.815530975328898955e-01
1.645937283691935593e-01
1.242476706329064817e-01
9.200470230266200033e-02
6.960964871003577636e-02
5.737059993897009047e-02
5.407866146820239361e-02
5.727243966597489466e-02
6.379960692562608449e-02
7.053953055254169602e-02
7.509832567557950256e-02
7.628968071817332497e-02
7.427291772071914489e-02
7.031735438058694942e-02
6.626982821821081338e-02
6.388774603725028145e-02
6.423773501345936277e-02
6.733890557832733492e-02
7.215632155496692901e-02
7.694613674915601331e-02
7.984941592553851386e-02
7.955738486961155820e-02
7.584854215393127541e-02
6.983439471868801984e-02
6.383486177224739766e-02
6.091140840667941259e-02
6.418344771745976285e-02
7.611223580919851406e-02
9.793962063467404056e-02
1.294178174920900815e-01
1.688793730024113482e-01
1.645937283685375840e-01
1.242476706340446269e-01
9.200470230165208596e-02
6.960964870443259178e-02
5.737059994417320619e-02
5.407866147039874782e-02
5.727243966635175987e-02
6.379960692498476416e-02
7.053953055347061962e-02
7.509832567111968116e-02
7.628968072108988085e-02
7.427291771938177023e-02
7.031735438337766153e-02
6.626982821772076093e-02
6.388774603604191471e-02
6.423773501284990584e-02
6.733890557832616919e-02
7.215632155498069578e-02
7.694613674879996479e-02
7.984941592439698255e-02
7.955738486924868180e-02
7.584854215371023001e-02
6.983439471863134296e-02
6.383486177238167913e-02
6.091140840675646206e-02
6.418344771735834398e-02
7.611223580917009235e-02
9.793962063467803736e-02
1.294178174921001845e-01
1.688793730023780970e-01
1.774972378893724945e-01
1.387551571773736336e-01
1.077938784685423257e-01
8.628871746791805242e-02
7.453548584703800772e-02
7.137343641660520710e-02
7.443919917236824224e-02
8.070595413655790029e-02
8.717725082968091899e-02
9.155435830353098048e-02
9.269793868212716781e-02
9.076063124882360889e-02
8.696084568227518963e-02
8.307155551389294734e-02
8.077997574793055469e-02
8.111021723148281737e-02
8.408078523736101095e-02
8.869830463465233628e-02
9.328887273183983364e-02
9.606816671942119967e-02
9.578012353359144360e-02
9.221258827015715864e-02
8.643320830597034377e-02
8.066977062029617729e-02
7.786192755896553797e-02
8.100484473620755965e-02
9.246164860104971739e-02
1.134245617133290418e-01
1.436554665477638437e-01
1.815530975328848995e-01
2.017965340694671261e-01
1.660747438550529420e-01
1.375268967264314246e-01
1.176974302648057802e-01
1.068590376149154975e-01
1.039416279085678130e-01
1.067663996229599732e-01
1.125428527966319536e-01
1.185083649994068677e-01
1.225433812346774509e-01
1.235970263527066959e-01
1.218093767974025021e-01
1.183030088558892357e-01
1.147118363866531099e-01
1.125909225522681023e-01
1.128843265276006091e-01
1.156094048903457683e-01
1.198510172437283194e-01
1.240669278848685608e-01
1.266132671125586584e-01
1.263331865374200391e-01
1.230320986046175014e-01
1.176950435194033528e-01
1.123763173845947483e-01
1.097862051223812418e-01
1.126859281054509720e-01
1.232538512655755869e-01
1.425887676719492236e-01
1.704707740262343396e-01
2.054232425766721604e-01
2.347639940877113696e-01
2.031393293789032772e-01
1.778654036149326378e-01
1.603091338313855641e-01
1.507118563545474799e-01
1.481264464737297448e-01
1.506244522188522339e-01
1.557359236863802843e-01
1.610154172425084518e-01
1.645864383635771144e-01
1.655181409781473767e-01
1.639336085038352042e-01
1.608254784655235303e-01
1.576390875639721578e-01
1.557502760948047404e-01
1.559945261912899506e-01
1.583876144924390994e-01
1.621204702627254135e-01
1.658293821984233030e-01
1.680609104960560374e-01
1.677926995058084403e-01
1.648539166159959657e-01
1.601174965334596356e-01
1.554023755301225940e-01
1.531077083068541622e-01
1.556773957641394146e-01
1.650392070364704034e-01
1.821652307008133631e-01
2.068602974004213890e-01
2.378168691497470899e-01
2.729524443872398676e-01
2.460727626795803646e-01
2.245904817770029704e-01
2.096669623811393546e-01
2.015072329934211037e-01
1.993065579863939618e-01
2.014263804456415397e-01
2.057679427047801601e-01
2.102531048051657359e-01
2.132868704827791118e-01
2.140774479165302169e-01
2.127283247815395240e-01
2.100817609311254053e-01
2.073648039805714438e-01
2.057458103300430219e-01
2.059345434099030259e-01
2.079449127614058646e-01
2.110905888871789093e-01
2.142144651998633131e-01
2.160834720871186998e-01
2.158308489509550010e-01
2.133131437608618008e-01
2.092733795901877691e-01
2.052578931324194889e-01
2.033055362541297817e-01
2.054927695822785227e-01
2.134572089651454174e-01
2.280242649904707375e-01
2.490274576569603271e-01
2.753551008334237382e-01
2.730188605466437601e-01
2.480113607141914145e-01
2.289197897504837709e-01
2.167436459261314341e-01
2.114320827309175144e-01
2.118625417604392824e-01
2.160696057839532336e-01
2.216828137269342691e-01
2.264687363615149884e-01
2.288363791298670957e-01
2.281692650319584459e-01
2.248928744289677151e-01
2.202597881088461107e-01
2.159150990763259448e-01
2.133675196324136825e-01
2.135184972657594438e-01
2.163847063300250451e-01
2.210934658052470247e-01
2.261520619957215761e-01
2.299131830291766265e-01
2.311022904782688570e-01
2.292549853894483847e-01
2.249383976995691370e-01
2.196926751098622899e-01
2.157083397210085018e-01
2.153288442400423386e-01
2.205133364326662959e-01
2.323996612423665509e-01
2.510723294057726207e-01
2.755776261020622675e-01
2.348920706170645745e-01
2.054754808387960763e-01
1.830194050883747203e-01
1.687000410251752736e-01
1.624573569719449662e-01
1.629699704977033980e-01
1.679245796390998469e-01
1.745313712077830592e-01
1.801621423525935906e-01
1.829452180149786500e-01
1.821562965366204656e-01
1.782977178179266375e-01
1.728453815200081123e-01
1.677369855475407956e-01
1.647492613340895140e-01
1.649435346942786929e-01
1.683389875199186037e-01
1.739072786319789676e-01
1.798896760205641598e-01
1.843451101250457858e-01
1.857711759803418183e-01
1.836191907655825295e-01
1.785549880081305774e-01
1.723901771935167360e-01
1.677024201251705038e-01
1.672498837333493693e-01
1.733388073987416345e-01
1.873090374250029333e-01
2.092608258421386203e-01
2.380725482967393503e-01
2.019805893469923674e-01
1.687572020174338827e-01
1.433963057115456574e-01
1.272266861155429973e-01
1.201803689892808613e-01
1.207642580645860719e-01
1.263646138562164456e-01
1.338294779761511344e-01
1.401897462958445195e-01
1.433313955147739183e-01
1.424370759960305599e-01
1.380755891174826333e-01
1.319157833660255519e-01
1.261481313661839132e-01
1.227808822871162553e-01
1.230134523063211582e-01
1.268671645894806632e-01
1.331791827157897679e-01
1.399609394260833417e-01
1.450175533322466959e-01
1.466497070771487499e-01
1.442358153546141053e-01
1.385268614685575272e-01
1.315688298089691677e-01
1.262736885448219604e-01
1.257577522895731992e-01
1.326270302901915166e-01
1.483958524608670060e-01
1.731781079884206487e-01
2.057072130414905331e-01
1.777239145921816754e-01
1.416944053650808777e-01
1.141923074983140496e-01
9.665889753203832369e-02
8.902034052347662652e-02
8.965693939631474985e-02
9.573345483058121053e-02
1.038309402509736135e-01
1.107289743712721597e-01
1.141348859644659708e-01
1.131627600899135500e-01
1.084304392538658068e-01
1.017490684546766277e-01
9.549551880867845899e-02
9.184875402343051221e-02
9.211000707417943412e-02
9.630216778989686421e-02
1.031632098339283488e-01
1.105350693267482809e-01
1.160356812269698890e-01
1.178204916018080750e-01
1.152141108211622300e-01
1.090302540448200852e-01
1.014876692438075323e-01
9.574477855344165622e-02
9.518194141888652871e-02
1.026261832722876743e-01
1.197204896196999990e-01
1.465888249282334965e-01
1.818577572696538636e-01
1.648434544713165417e-01
1.273237509799406975e-01
9.868457838174798935e-02
8.042695560225088247e-02
7.247393351588254928e-02
7.313857603251028294e-02
7.946800476494580989e-02
8.790147700468986525e-02
9.508510090199695508e-02
9.863133264856471794e-02
9.761785280074103399e-02
9.268856254245139148e-02
8.573019418725175145e-02
7.921862721800954077e-02
7.542350028307059917e-02
7.570012413282412034e-02
8.007221696565502977e-02
8.722506258532847223e-02
9.491056216820970004e-02
1.006472189793279348e-01
1.025133248288423449e-01
9.980489725013619307e-02
9.336895451987703431e-02
8.551599022366107583e-02
7.953531386449685936e-02
7.894751898938695556e-02
8.669701583769606756e-02
1.044951241466428038e-01
1.324711658649728729e-01
1.691949692596637633e-01
1.648434544707107485e-01
1.273237509803575307e-01
9.868457838252797654e-02
8.042695560236534646e-02
7.247393351940351058e-02
7.313857602995021967e-02
7.946800476413612424e-02
8.790147700471712122e-02
9.508510090129501657e-02
9.863133264798867872e-02
9.761785280042728496e-02
9.268856254524243665e-02
8.573019418741750775e-02
7.921862721687350506e-02
7.542350028051858501e-02
7.570012413323784495e-02
8.007221696488431295e-02
8.722506258378098787e-02
9.491056216794402367e-02
1.006472189789053839e-01
1.025133248289439303e-01
9.980489725038821369e-02
9.336895451949639435e-02
8.551599022384209769e-02
7.953531386428835948e-02
7.894751898944490920e-02
8.669701583769379161e-02
1.044951241466253178e-01
1.324711658649870283e-01
1.691949692596507182e-01
1.777239145913689922e-01
1.416944053660021408e-01
1.141923075000552679e-01
9.665889753301137866e-02
8.902034052260388020e-02
8.965693939715824179e-02
9.573345483121881161e-02
1.038309402546269133e-01
1.107289743712259744e-01
1.141348859663001702e-01
1.131627600898040265e-01
1.084304392541517448e-01
1.017490684572269766e-01
9.549551880693218919e-02
9.184875402315317849e-02
9.211000707470407001e-02
9.630216779043704323e-02
1.031632098339717030e-01
1.105350693268744022e-01
1.160356812268508730e-01
1.178204916018851245e-01
1.152141108213435849e-01
1.090302540441478452e-01
1.014876692437273187e-01
9.574477855358032308e-02
9.518194141883656867e-02
1.026261832723178724e-01
1.197204896197252011e-01
1.465888249282485400e-01
1.818577572696605249e-01
2.019805893470383307e-01
1.687572020190755695e-01
1.433963057131784624e-01
1.272266861171650887e-01
1.201803689909002881e-01
1.207642580660857057e-01
1.263646138577508293e-01
1.338294779752892683e-01
1.401897462980806752e-01
1.433313955141933271e-01
1.424370759969134648e-01
1.380755891170273308e-01
1.319157833668294089e-01
1.261481313654669867e-01
1.227808822880144257e-01
1.230134523066465091e-01
1.268671645882410437e-01
1.331791827168767872e-01
1.399609394261581152e-01
1.450175533322143884e-01
1.466497070770034217e-01
1.442358153545427735e-01
1.385268614682148014e-01
1.315688298090604835e-01
1.262736885449647906e-01
1.257577522895861888e-01
1.326270302901969012e-01
1.483958524608873231e-01
1.731781079884159302e-01
2.057072130415003586e-01
2.348920706171048201e-01
2.054754808389132048e-01
1.830194050875530443e-01
1.687000410245952375e-01
1.624573569717023269e-01
1.629699704992120801e-01
1.679245796390302359e-01
1.745313712060673206e-01
1.801621423531764576e-01
1.829452180132675743e-01
1.821562965366948506e-01
1.782977178169082300e-01
1.728453815193505827e-01
1.677369855486773309e-01
1.647492613332125488e-01
1.649435346941033886e-01
1.683389875200139163e-01
1.739072786309199259e-01
1.798896760221043167e-01
1.843451101255034197e-01
1.857711759797531226e-01
1.836191907655255195e-01
1.785549880082631935e-01
1.723901771935087424e-01
1.677024201252047542e-01
1.672498837333736832e-01
1.733388073987132683e-01
1.873090374250288570e-01
2.092608258421214118e-01
2.380725482967221973e-01
2.730188605470034169e-01
2.480113607135794596e-01
2.289197897513360336e-01
2.167436459259131087e-01
2.114320827320359530e-01
2.118625417597358451e-01
2.160696057846137053e-01
2.216828137256685038e-01
2.264687363620898619e-01
2.288363791299222183e-01
2.281692650333131400e-01
2.248928744276951774e-01
2.202597881093346643e-01
2.159150990766038891e-01
2.133675196325727774e-01
2.135184972655524982e-01
2.163847063289695560e-01
2.210934658054630186e-01
2.261520619966683743e-01
2.299131830288776990e-01
2.311022904780068443e-01
2.292549853896475587e-01
2.249383976995670831e-01
2.196926751098106090e-01
2.157083397210238784e-01
2.153288442400259628e-01
2.205133364326669065e-01
2.323996612423658847e-01
2.510723294057599086e-01
2.755776261020697060e-01
2.731676072903296282e-01
2.482221608293482262e-01
2.291903173915259551e-01
2.170660169683512053e-01
2.117932851830371943e-01
2.122456204191217610e-01
2.164554294229915077e-01
2.220521358717558735e-01
2.268042059893230489e-01
2.291241775800089697e-01
2.284001329061233210e-01
2.250624236144471157e-01
2.203681372007003647e-01
2.159659931941833033e-01
2.133671732675260224e-01
2.134744191330372187e-01
2.163047292389901344e-01
2.209851251696974272e-01
2.260223642325480120e-01
2.297687040873384046e-01
2.309494672674859972e-01
2.291004255539845214e-01
2.247890431865030569e-01
2.195557082160151663e-01
2.155908023121473893e-01
2.152370297441946190e-01
2.204520861145787824e-01
2.323717318845392454e-01
2.510779895899569736e-01
2.756145865415287055e-01
2.351023078800947852e-01
2.057616538973472409e-01
1.833782621417046621e-01
1.691216470324623522e-01
1.629256177601483557e-01
1.634640521785988287e-01
1.684210196750546840e-01
1.750065391067525677e-01
1.805946433497644388e-01
1.833178567583152452e-01
1.824573207654803242e-01
1.785212171678867143e-01
1.729908852810705944e-01
1.678084481297342778e-01
1.647537157720054823e-01
1.648897187989943336e-01
1.682362050457802405e-01
1.737646644653568773e-01
1.797159140619949413e-01
1.841485336728331257e-01
1.855600893847312860e-01
1.834022074361936205e-01
1.783411918628508563e-01
1.721889776653836024e-01
1.675230677181097083e-01
1.671007180392601876e-01
1.732263943572748821e-01
1.872373945505073078e-01
2.092309223048735012e-01
2.380822054738452320e-01
2.022458527396638339e-01
1.691105487042223743e-01
1.438336561185290519e-01
1.277362981661517294e-01
1.207434441133096170e-01
1.213565647240826273e-01
1.269588972879037159e-01
1.343982681547404856e-01
1.407081030797839305e-01
1.437791565113250014e-01
1.428002894057064376e-01
1.383469891651394890e-01
1.320943570612683193e-01
1.262379890580834219e-01
1.227897485422835278e-01
1.229511209345157119e-01
1.267442142850166431e-01
1.330061442143755657e-01
1.397479692298298493e-01
1.447745348464273274e-01
1.463865971999778193e-01
1.439630054102101209e-01
1.382553351253760776e-01
1.313099721385841412e-01
1.260387100570576902e-01
1.255568106286238383e-01
1.324682282835903391e-01
1.482843386507089467e-01
1.731154922816410813e-01
2.056914405868966456e-01
1.780306980834034380e-01
1.420983064379656713e-01
1.146886223732620502e-01
9.723453415900873420e-02
8.965448540581433257e-02
9.032283229902082766e-02
9.640101956546548445e-02
1.044698496215369365e-01
1.113116480492573612e-01
1.146389489000206874e-01
1.135726157305649298e-01
1.087378023857133447e-01
1.019525097563656058e-01
9.559925132090840716e-02
9.186100452113921122e-02
9.204134521351542420e-02
9.616411451270995281e-02
1.029673321622065485e-01
1.102926212881011891e-01
1.157577051157249182e-01
1.175181823739063769e-01
1.148991932144665107e-01
1.087151370517170923e-01
1.011852203596576016e-01
9.546767935887934264e-02
9.494171516235910824e-02
1.024320893486707629e-01
1.195785313456117493e-01
1.465011022732688462e-01
1.818223205963068745e-01
1.651725804195103842e-01
1.277548166291513909e-01
9.921254419317282469e-02
8.103800711229242060e-02
7.314618065620892562e-02
7.384390829969350589e-02
8.017483968601074595e-02
8.857796184421345975e-02
9.570224507815389137e-02
9.916557825184174613e-02
9.805272269536874363e-02
9.301522390035277255e-02
8.594699151677093196e-02
7.932982435796442910e-02
7.543758840489495077e-02
7.562808410861299180e-02
7.992607087217390438e-02
8.701693002061905435e-02
9.465228367343481164e-02
1.003504572490244717e-01
1.021899383833370645e-01
9.946732592520707295e-02
9.303037186042945050e-02
8.519005895328829459e-02
7.923550481890850872e-02
7.868608840859747655e-02
8.648384455420060624e-02
1.043366758459078336e-01
1.323698061954962646e-01
1.691488087331610157e-01
1.651725804198461156e-01
1.277548166294922849e-01
9.921254419399522240e-02
8.103800711214204089e-02
7.314618065596550922e-02
7.384390830073778167e-02
8.017483968570637831e-02
8.857796184432037423e-02
9.570224507828811733e-02
9.916557825152022554e-02
9.805272269573511723e-02
9.301522389893696063e-02
8.594699151677354099e-02
7.932982435887475647e-02
7.543758840370534680e-02
7.562808410799121139e-02
7.992607087420983136e-02
8.701693001970345342e-02
9.465228367474842752e-02
1.003504572481245805e-01
1.021899383835119246e-01
9.946732592503232384e-02
9.303037186109724965e-02
8.519005895330816758e-02
7.923550481897712050e-02
7.868608840850505048e-02
8.648384455417945649e-02
1.043366758458963428e-01
1.323698061954927119e-01
1.691488087331576851e-01
1.780306980832940811e-01
1.420983064374208849e-01
1.146886223737432764e-01
9.723453415800409338e-02
8.965448540681875134e-02
9.032283230100862648e-02
9.640101956624097523e-02
1.044698496204125027e-01
1.113116480507133632e-01
1.146389488996134576e-01
1.135726157309999151e-01
1.087378023875683053e-01
1.019525097574128791e-01
9.559925132064606146e-02
9.186100451921519472e-02
9.204134521312479222e-02
9.616411451390455278e-02
1.029673321617991522e-01
1.102926212876997325e-01
1.157577051155644909e-01
1.175181823747050713e-01
1.148991932145972394e-01
1.087151370524297445e-01
1.011852203599141742e-01
9.546767935877870093e-02
9.494171516237759345e-02
1.024320893486104778e-01
1.195785313456014243e-01
1.465011022732664037e-01
1.818223205963017119e-01
2.022458527399778050e-01
1.691105487046234424e-01
1.438336561182625983e-01
1.277362981662278352e-01
1.207434441156532978e-01
1.213565647231292788e-01
1.269588972865397514e-01
1.343982681547969404e-01
1.407081030803281063e-01
1.437791565115189574e-01
1.428002894053309602e-01
1.383469891660253914e-01
1.320943570620548568e-01
1.262379890586834419e-01
1.227897485426946433e-01
1.229511209351604739e-01
1.267442142859616094e-01
1.330061442139612304e-01
1.397479692297947107e-01
1.447745348457795123e-01
1.463865972005060634e-01
1.439630054096465162e-01
1.382553351254794949e-01
1.313099721382764429e-01
1.260387100569780316e-01
1.255568106287996422e-01
1.324682282835908387e-01
1.482843386507106120e-01
1.731154922816491304e-01
2.056914405868981444e-01
2.351023078798087362e-01
2.057616538970443165e-01
1.833782621411000346e-01
1.691216470316953546e-01
1.629256177593149113e-01
1.634640521753792375e-01
1.684210196739551191e-01
1.750065391085443012e-01
1.805946433510336457e-01
1.833178567556836280e-01
1.824573207641985717e-01
1.785212171653374758e-01
1.729908852807961472e-01
1.678084481292209107e-01
1.647537157721805090e-01
1.648897187994745051e-01
1.682362050462233305e-01
1.737646644655395090e-01
1.797159140613222017e-01
1.841485336731216726e-01
1.855600893848715627e-01
1.834022074366139510e-01
1.783411918626880976e-01
1.721889776656395088e-01
1.675230677181120398e-01
1.671007180392288238e-01
1.732263943572666109e-01
1.872373945505129700e-01
2.092309223048412492e-01
2.380822054738366833e-01
2.731676072902015084e-01
2.482221608293781190e-01
2.291903173924370041e-01
2.170660169681849494e-01
2.117932851830158225e-01
2.122456204191778273e-01
2.164554294217602703e-01
2.220521358716072147e-01
2.268042059897577012e-01
2.291241775792754454e-01
2.284001329066202013e-01
2.250624236134717293e-01
2.203681372005614203e-01
2.159659931934339583e-01
2.133671732673277366e-01
2.134744191332366148e-01
2.163047292386826026e-01
2.209851251686438256e-01
2.260223642329778349e-01
2.297687040879670128e-01
2.309494672679257010e-01
2.291004255537725243e-01
2.247890431867474725e-01
2.195557082160825568e-01
2.155908023122600770e-01
2.152370297441188463e-01
2.204520861146543331e-01
2.323717318845536783e-01
2.510779895899432623e-01
2.756145865415334795e-01
2.732984941090449427e-01
2.465808515308064164e-01
2.252551454416381049e-01
2.104680443347134444e-01
2.024110122665853106e-01
2.002688880982756992e-01
2.023973813751127060e-01
2.066974739178520926e-01
2.110961010941880267e-01
2.140076757218727366e-01
2.146525159880879885e-01
2.131470088699879417e-01
2.103452955866972895e-01
2.074839127585461629e-01
2.057375796838494808e-01
2.058192576332270041e-01
2.077434481756098572e-01
2.108227522642767138e-01
2.138983870620856931e-01
2.157358943197899559e-01
2.154679383001864568e-01
2.129513624535883110e-01
2.089299705810033769e-01
2.049506798382619288e-01
2.030519559905185067e-01
2.053082978231486888e-01
2.133535240872954097e-01
2.280075985978550768e-01
2.490975491895550953e-01
2.755050369635041463e-01
2.352704133975463963e-01
2.038446384604031270e-01
1.787617212967841374e-01
1.613708885228181122e-01
1.518971628092989357e-01
1.493808709743804086e-01
1.518866225451358520e-01
1.569440699226071212e-01
1.621137565604380271e-01
1.655303801227211435e-01
1.662775644595593794e-01
1.644938808145060549e-01
1.611863321954827843e-01
1.578118654444959912e-01
1.557542952735124775e-01
1.558533792167669518e-01
1.581261107569025826e-01
1.617626710397915835e-01
1.653978597288167651e-01
1.675770425451738599e-01
1.672775666530300076e-01
1.643292519556805997e-01
1.596061692224988171e-01
1.549280580904527915e-01
1.526936367421545815e-01
1.553444124512512459e-01
1.648035035248328062e-01
1.820363199961270717e-01
2.068397138074564712e-01
2.378979300508186623e-01
2.024468689161881829e-01
1.669562397162063783e-01
1.386295059688317233e-01
1.189908037824845000e-01
1.082941193697582460e-01
1.054549648017674701e-01
1.082865490512842088e-01
1.139978509852535016e-01
1.198330234178435760e-01
1.236852498818711843e-01
1.245201750356237369e-01
1.224956153045087537e-01
1.187506786221280142e-01
1.149327449424136227e-01
1.126062701229036955e-01
1.127205472885089987e-01
1.152947178808375051e-01
1.194131989100719049e-01
1.235324537676665835e-01
1.260076100103823538e-01
1.256817828669959947e-01
1.223613622921670974e-01
1.170328432994628409e-01
1.117515244243921790e-01
1.092272115121952769e-01
1.122183547915287516e-01
1.228979211449275355e-01
1.423569466937726347e-01
1.703662472020598395e-01
2.054396060388266609e-01
1.782563581929464958e-01
1.397694518187069246e-01
1.090516633224381526e-01
8.775607119160228065e-02
7.615800626000135409e-02
7.308095387082869099e-02
7.615277450982277374e-02
8.234603353443220586e-02
8.867163715329418050e-02
9.284473617470601070e-02
9.374402969495282401e-02
9.154156564558846298e-02
8.747389268824462549e-02
8.332883073349850456e-02
8.080404624006853886e-02
8.092960453546188537e-02
8.372622861910344882e-02
8.820033986112890689e-02
9.267688642106491903e-02
9.537069604114256638e-02
9.502587181590405052e-02
9.143148421228808331e-02
8.565687629256152347e-02
7.993098748207899673e-02
7.719296015407356437e-02
8.043490816762927098e-02
9.201400411048499262e-02
1.131139112884838593e-01
1.434862620225532126e-01
1.815191799138239914e-01
1.654114452822614267e-01
1.253333830304148577e-01
9.334584492591668781e-02
7.117038768249600578e-02
5.909367557354300304e-02
5.589031646642417250e-02
5.908973139158968380e-02
6.553892765507163265e-02
7.212493819738818868e-02
7.646836802337381167e-02
7.740175009754129976e-02
7.510470384634415630e-02
7.086554279961015945e-02
6.654668758178478027e-02
6.391656274434776019e-02
6.404813687263427591e-02
6.696297233964138007e-02
7.162606063364806985e-02
7.629249106922880719e-02
7.910256398546933188e-02
7.874778205342347626e-02
7.500800337425078679e-02
6.899656029580530925e-02
6.303460514434905404e-02
6.018307678179413145e-02
6.355818681161506944e-02
7.561494078318481415e-02
9.758619907135984706e-02
1.292134092760553465e-01
1.688179612312927791e-01
1.654114452825788395e-01
1.253333830305659036e-01
9.334584492647607368e-02
7.117038768298866724e-02
5.909367557147238159e-02
5.589031646723663371e-02
5.908973139046280743e-02
6.553892765693092315e-02
7.212493819551324403e-02
7.646836802278683676e-02
7.740175009864397326e-02
7.510470384602535576e-02
7.086554280489631985e-02
6.654668757981202498e-02
6.391656274105861346e-02
6.404813687240418218e-02
6.696297234035070156e-02
7.162606063304199910e-02
7.629249106974944628e-02
7.910256398628567887e-02
7.874778205411148146e-02
7.500800337340723933e-02
6.899656029630835130e-02
6.303460514465863973e-02
6.018307678164569463e-02
6.355818681168684536e-02
7.561494078318997669e-02
9.758619907135795968e-02
1.292134092760537922e-01
1.688179612312993849e-01
1.782563581937426367e-01
1.397694518189138702e-01
1.090516633221498277e-01
8.775607119127193378e-02
7.615800625985685857e-02
7.308095387013457955e-02
7.615277450901303258e-02
8.234603353642855339e-02
8.867163715522424772e-02
9.284473617492988717e-02
9.374402969185302581e-02
9.154156564696386278e-02
8.747389268527905326e-02
8.332883073519509187e-02
8.080404624042697437e-02
8.092960453777364727e-02
8.372622861980644204e-02
8.820033985845598945e-02
9.267688642170246460e-02
9.537069604095171904e-02
9.502587181575222752e-02
9.143148421225033573e-02
8.565687629311524720e-02
7.993098748191063141e-02
7.719296015448362525e-02
8.043490816752352224e-02
9.201400411054760919e-02
1.131139112884829157e-01
1.434862620225424990e-01
1.815191799138147211e-01
2.024468689162701174e-01
1.669562397161513112e-01
1.386295059690662024e-01
1.189908037813507402e-01
1.082941193691713822e-01
1.054549648026980035e-01
1.082865490532887720e-01
1.139978509862002443e-01
1.198330234157603535e-01
1.236852498802203382e-01
1.245201750359634096e-01
1.224956153059656438e-01
1.187506786174806761e-01
1.149327449450616712e-01
1.126062701236245633e-01
1.127205472878839987e-01
1.152947178795091232e-01
1.194131989099416757e-01
1.235324537684401869e-01
1.260076100104770558e-01
1.256817828675199644e-01
1.223613622915603050e-01
1.170328432994977574e-01
1.117515244246389816e-01
1.092272115123714693e-01
1.122183547916160706e-01
1.228979211448963937e-01
1.423569466937836814e-01
1.703662472020573415e-01
2.054396060388258283e-01
2.352704133978601453e-01
2.038446384603481709e-01
1.787617212974949021e-01
1.613708885213229749e-01
1.518971628105185712e-01
1.493808709762335929e-01
1.518866225467886966e-01
1.569440699198995648e-01
1.621137565608413156e-01
1.655303801224753957e-01
1.662775644618871285e-01
1.644938808137563768e-01
1.611863321954668526e-01
1.578118654464930048e-01
1.557542952693582450e-01
1.558533792165209819e-01
1.581261107572353719e-01
1.617626710385073885e-01
1.653978597307620424e-01
1.675770425449557566e-01
1.672775666540496364e-01
1.643292519562349341e-01
1.596061692228675222e-01
1.549280580904665583e-01
1.526936367420841378e-01
1.553444124512313729e-01
1.648035035248491820e-01
1.820363199961406164e-01
2.068397138074626884e-01
2.378979300508212713e-01
2.732984941084668495e-01
2.465808515305792370e-01
2.252551454422186406e-01
2.104680443342886176e-01
2.024110122670618184e-01
2.002688880997613441e-01
2.023973813752744100e-01
2.066974739172758313e-01
2.110961010936428517e-01
2.140076757211496483e-01
2.146525159875648514e-01
2.131470088715297639e-01
2.103452955840761085e-01
2.074839127562645436e-01
2.057375796811731217e-01
2.058192576318420564e-01
2.077434481762240881e-01
2.108227522649566144e-01
2.138983870635102202e-01
2.157358943197957291e-01
2.154679383005736470e-01
2.129513624537254235e-01
2.089299705813984498e-01
2.049506798383209927e-01
2.030519559905684668e-01
2.053082978231766109e-01
2.133535240872740379e-01
2.280075985978747832e-01
2.490975491895464911e-01
2.755050369635008711e-01
2.817667146148357116e-01
2.536077240484000406e-01
2.299145655172416536e-01
2.120031448314056433e-01
2.004015385092760004e-01
1.947576754802310406e-01
1.939380128339932008e-01
1.962994134066967100e-01
2.000666283660322842e-01
2.037161427036659478e-01
2.062646068156629986e-01
2.073882198711047842e-01
2.073498266567407877e-01
2.067675766732471887e-01
2.063052204371150777e-01
2.063855088898480239e-01
2.070185088620349334e-01
2.077991635524087388e-01
2.080745885041961341e-01
2.072276581636660620e-01
2.049856819563851129e-01
2.016529174262168822e-01
1.981866117262268689e-01
1.960820845038085958e-01
1.970891798125269934e-01
2.028327356406381954e-01
2.144380072902167256e-01
2.322597780536744816e-01
2.557826839605677471e-01
2.837109058150929508e-01
2.452297428849288530e-01
2.121065000810846701e-01
1.842358876367876652e-01
1.631663405951715440e-01
1.495191210820158156e-01
1.428796783913737767e-01
1.419138350687381700e-01
1.446878499652577421e-01
1.491127768669911480e-01
1.533962850428339797e-01
1.563821261168575893e-01
1.576905664065978430e-01
1.576324364458607241e-01
1.569366586464032709e-01
1.563855356733352964e-01
1.564772642445604323e-01
1.572237722101310076e-01
1.581478437743182863e-01
1.584801105046436120e-01
1.574929839991279223e-01
1.548641528269923962e-01
1.509504306308228627e-01
1.468773977463082581e-01
1.444042243706077366e-01
1.455899516243088221e-01
1.523467512061072449e-01
1.659989895118345604e-01
1.869643314077468199e-01
2.146363821345191325e-01
2.474902412653065542e-01
2.136935124129231700e-01
1.762841725910932467e-01
1.448067512959059222e-01
1.210104773321382110e-01
1.055970734497797547e-01
9.809802191574079622e-02
9.700587516998870896e-02
1.001359357866623556e-01
1.051283734962161764e-01
1.099587515214030531e-01
1.133215672875910740e-01
1.147888582676444003e-01
1.147129759693200635e-01
1.139185819209155848e-01
1.132904201595288929e-01
1.133918770752091465e-01
1.142364920215691582e-01
1.152847065203415622e-01
1.156665048025639631e-01
1.145588341471240890e-01
1.115964559550283175e-01
1.071815009710083699e-01
1.025848638644389910e-01
9.979353425675124845e-02
1.011335506348990942e-01
1.087652149777348365e-01
1.241848450387310066e-01
1.478644155657919401e-01
1.791189268938573886e-01
2.162256566969418259e-01
1.904518728667548566e-01
1.498831159825561032e-01
1.157469887311588508e-01
8.994074611500441074e-02
7.322542334315867985e-02
6.509271069061406401e-02
6.390741606570238265e-02
6.729982901845077414e-02
7.271042217898443516e-02
7.794365991459156762e-02
8.158403210533415884e-02
8.316805654133307968e-02
8.307873594789183525e-02
8.221135300325543849e-02
8.152620629073265013e-02
8.163476050627999081e-02
8.255174522665109649e-02
8.369162683664910229e-02
8.411016159762690902e-02
8.291388174224140206e-02
7.970586362060244623e-02
7.492161322908258425e-02
6.993912948830544041e-02
6.691334128915399360e-02
6.836711859539018610e-02
7.664369208447291415e-02
9.336615026677042017e-02
1.190465105336705465e-01
1.529418263018869628e-01
1.931835371949416347e-01
1.781108430506430640e-01
1.358642780795016325e-01
1.003162411718362956e-01
7.344260112452644096e-02
5.603589177541412614e-02
4.756666845457030446e-02
4.633189369459367324e-02
4.986359818472635430e-02
5.549619935656369130e-02
6.094329759600175533e-02
6.473096713078196895e-02
6.637687263547131788e-02
6.628030782005572830e-02
6.537407366279868182e-02
6.465860478300800018e-02
6.477090544674768413e-02
6.572633803636251937e-02
6.691494762146021902e-02
6.735306018050057908e-02
6.610980016932482828e-02
6.277140475648157469e-02
5.779109485064687357e-02
5.260374355059516116e-02
4.945346583624987691e-02
5.096766491133974952e-02
5.958672307808116075e-02
7.700105656017514066e-02
1.037439501791804219e-01
1.390416831898368399e-01
1.809482426427498902e-01
1.781108430495246253e-01
1.358642780776153636e-01
1.003162411725035397e-01
7.344260112608064217e-02
5.603589177588208514e-02
4.756666845476958949e-02
4.633189368980689116e-02
4.986359818748176131e-02
5.549619935499022771e-02
6.094329759423106063e-02
6.473096712302844891e-02
6.637687263483077471e-02
6.628030782219346273e-02
6.537407366131431363e-02
6.465860477995455380e-02
6.477090544860797383e-02
6.572633803739497127e-02
6.691494761794830604e-02
6.735306018036368858e-02
6.610980016908435397e-02
6.277140475925985230e-02
5.779109485033562255e-02
5.260374355096342214e-02
4.945346583643128735e-02
5.096766491129778309e-02
5.958672307807627577e-02
7.700105656017192102e-02
1.037439501791910246e-01
1.390416831898375616e-01
1.809482426427457824e-01
1.904518728671917849e-01
1.498831159817947678e-01
1.157469887326502689e-01
8.994074611363928051e-02
7.322542334217951865e-02
6.509271069005378996e-02
6.390741606687821985e-02
6.729982902004427725e-02
7.271042218251799749e-02
7.794365991596796661e-02
8.158403210075299006e-02
8.316805654338449427e-02
8.307873594773546033e-02
8.221135300645426858e-02
8.152620628888496146e-02
8.163476050360801706e-02
8.255174522618458077e-02
8.369162683754871601e-02
8.411016159927581226e-02
8.291388174171954173e-02
7.970586362164938654e-02
7.492161322991547356e-02
6.993912948899033699e-02
6.691334128908044132e-02
6.836711859530925084e-02
7.664369208434501646e-02
9.336615026674038864e-02
1.190465105336555585e-01
1.529418263018873514e-01
1.931835371949369162e-01
2.136935124130434627e-01
1.762841725909826129e-01
1.448067512955140690e-01
1.210104773320027083e-01
1.055970734498268837e-01
9.809802191548394612e-02
9.700587517188541398e-02
1.001359357879511580e-01
1.051283734930675284e-01
1.099587515230213697e-01
1.133215672883879366e-01
1.147888582672810798e-01
1.147129759698016782e-01
1.139185819174177161e-01
1.132904201551491186e-01
1.133918770720981350e-01
1.142364920214065105e-01
1.152847065234354762e-01
1.156665048037661125e-01
1.145588341472219551e-01
1.115964559544555534e-01
1.071815009718478651e-01
1.025848638640696198e-01
9.979353425747172768e-02
1.011335506350916069e-01
1.087652149776011656e-01
1.241848450386633385e-01
1.478644155658004333e-01
1.791189268938653822e-01
2.162256566969458782e-01
2.452297428856425598e-01
2.121065000816764745e-01
1.842358876359346254e-01
1.631663405973343695e-01
1.495191210797320869e-01
1.428796783908329870e-01
1.419138350677131011e-01
1.446878499660005923e-01
1.491127768648768392e-01
1.533962850419551827e-01
1.563821261192885337e-01
1.576905664045013533e-01
1.576324364495170216e-01
1.569366586483121329e-01
1.563855356721906009e-01
1.564772642428911009e-01
1.572237722088964396e-01
1.581478437734521458e-01
1.584801105047796699e-01
1.574929839983983393e-01
1.548641528263736133e-01
1.509504306313851907e-01
1.468773977469348679e-01
1.444042243706957218e-01
1.455899516241762059e-01
1.523467512062771090e-01
1.659989895118542669e-01
1.869643314077766294e-01
2.146363821345200207e-01
2.474902412653082195e-01
2.817667146152768032e-01
2.536077240488531226e-01
2.299145655175967584e-01
2.120031448322420853e-01
2.004015385086638790e-01
1.947576754807156529e-01
1.939380128336676279e-01
1.962994134060424001e-01
2.000666283654647937e-01
2.037161427042551431e-01
2.062646068155791212e-01
2.073882198702980406e-01
2.073498266573658433e-01
2.067675766714745511e-01
2.063052204364410613e-01
2.063855088891533018e-01
2.070185088613849533e-01
2.077991635508919521e-01
2.080745885041352383e-01
2.072276581641762094e-01
2.049856819569142452e-01
2.016529174257969403e-01
1.981866117268942795e-01
1.960820845036775895e-01
1.970891798127412664e-01
2.028327356405518200e-01
2.144380072902864476e-01
2.322597780536623246e-01
2.557826839605676916e-01
2.837109058150932284e-01
3.066595628699415599e-01
2.797986128910109338e-01
2.562724915130012437e-01
2.374183558382564341e-01
2.239885264284632305e-01
2.160333864583549035e-01
2.129281811942871916e-01
2.135388926731043302e-01
2.164839748371770178e-01
2.204223896537104155e-01
2.242928301506981192e-01
2.274461709383118757e-01
2.296474982516212293e-01
2.309644920755766773e-01
2.315926774088256646e-01
2.316847477696530322e-01
2.312459778438513691e-01
2.301327356552752557e-01
2.281543979850549908e-01
2.252422057516292320e-01
2.216234214874844288e-01
2.179337181513782418e-01
2.152171375213353111e-01
2.147964498777581444e-01
2.180369972567507975e-01
2.260613659377613827e-01
2.394894765115865853e-01
2.582733298864287041e-01
2.816695741029850986e-01
3.083549360193272304e-01
2.745024803424379600e-01
2.429050710749024733e-01
2.152291566621218344e-01
1.930482203145222342e-01
1.772475188357817699e-01
1.678862634330712256e-01
1.642291865184906663e-01
1.649418115192913259e-01
1.683985500034628768e-01
1.730217368810171852e-01
1.775631778540139316e-01
1.812599813369496493e-01
1.838368426847013515e-01
1.853745364563111897e-01
1.861040992335414868e-01
1.862058284511979855e-01
1.856861152235680934e-01
1.843756864958346897e-01
1.820496139109859524e-01
1.786261588057599936e-01
1.743718818460310294e-01
1.700340480433487067e-01
1.668406747752317898e-01
1.663480020310912910e-01
1.701625514259708649e-01
1.796052798344519030e-01
1.954056350409038023e-01
2.175070243265943004e-01
2.450345129882623985e-01
2.764306926149635579e-01
2.467473423858064230e-01
2.110604535041155638e-01
1.798015143578917119e-01
1.547480828920089202e-01
1.369002088689936225e-01
1.263247225954683972e-01
1.221909200602281365e-01
1.229912207681054248e-01
1.268893053643407320e-01
1.321031951908185897e-01
1.372233507340017700e-01
1.413886923034541332e-01
1.442890982208350215e-01
1.460167126778746938e-01
1.468332897978183449e-01
1.469429976328802678e-01
1.463532015036365652e-01
1.448724724544164233e-01
1.422462249622846731e-01
1.383814667949599952e-01
1.335786462601217250e-01
1.286813501071011334e-01
1.250764343035327131e-01
1.245217298040613985e-01
1.288320170636496065e-01
1.394995501585539199e-01
1.573483549299317663e-01
1.823144117594869829e-01
2.134091490837542460e-01
2.488729612253206547e-01
2.262926324345336804e-01
1.875912310125161242e-01
1.536910693695695551e-01
1.265201515291113354e-01
1.071631530645032471e-01
9.569251911360165952e-02
9.120718633455277002e-02
9.207195924139072174e-02
9.629516890967215748e-02
1.019442250488598045e-01
1.074906612595447064e-01
1.120010385463081071e-01
1.151395983507762510e-01
1.170068973340352425e-01
1.178873608508815840e-01
1.180027713327001515e-01
1.173612172772188211e-01
1.157549292488831982e-01
1.129074414767365919e-01
1.087174430496290478e-01
1.035103410767063692e-01
9.820071123737728058e-02
9.429249218889396156e-02
9.369212136921462042e-02
9.836790638610154458e-02
1.099383825342734045e-01
1.292972986182335249e-01
1.563751568383482948e-01
1.900996057959510877e-01
2.285619707227437569e-01
2.154315300857707061e-01
1.751292634281425009e-01
1.398264618649460722e-01
1.115310286958937636e-01
9.137258261923070224e-02
7.942655004023763121e-02
7.475450022125990079e-02
7.565346326313732161e-02
8.004926785759192143e-02
8.592933965708832167e-02
9.170205793286395624e-02
9.639556290137285544e-02
9.966048998016802107e-02
1.016018729980990853e-01
1.025161854926971428e-01
1.026345697128691614e-01
1.019654997663060891e-01
1.002925259329218721e-01
9.732755712098384304e-02
9.296485767109918807e-02
8.754308266778082492e-02
8.201450253266234780e-02
7.794523198498010119e-02
7.732062819162566214e-02
8.219053331608550117e-02
9.424054815431542886e-02
1.144014498692737525e-01
1.426008303798922960e-01
1.777218425709315985e-01
2.177766414781930893e-01
2.154315300849296011e-01
1.751292634286054639e-01
1.398264618658872083e-01
1.115310286947480689e-01
9.137258261947794891e-02
7.942655004353993409e-02
7.475450022156138186e-02
7.565346326187988302e-02
8.004926785123761546e-02
8.592933966010485314e-02
9.170205793521685189e-02
9.639556290011758177e-02
9.966048998048621099e-02
1.016018729967655410e-01
1.025161854883284707e-01
1.026345697155913173e-01
1.019654997681188613e-01
1.002925259344902287e-01
9.732755712156127004e-02
9.296485767094564423e-02
8.754308266885835188e-02
8.201450253326314499e-02
7.794523198440916900e-02
7.732062819158952438e-02
8.219053331600106871e-02
9.424054815422833187e-02
1.144014498692961790e-01
1.426008303798539378e-01
1.777218425709206073e-01
2.177766414782001392e-01
2.262926324347818707e-01
1.875912310107246683e-01
1.536910693701478148e-01
1.265201515251504483e-01
1.071631530631100282e-01
9.569251911701376345e-02
9.120718633402707942e-02
9.207195923976119190e-02
9.629516891115902366e-02
1.019442250517940685e-01
1.074906612583773624e-01
1.120010385468147018e-01
1.151395983498420539e-01
1.170068973351673924e-01
1.178873608501852521e-01
1.180027713318587135e-01
1.173612172744396553e-01
1.157549292512237149e-01
1.129074414736255805e-01
1.087174430501518518e-01
1.035103410757149400e-01
9.820071123697160509e-02
9.429249218879737215e-02
9.369212136942356439e-02
9.836790638592834979e-02
1.099383825342273857e-01
1.292972986181622486e-01
1.563751568383684454e-01
1.900996057959508656e-01
2.285619707227407038e-01
2.467473423862423798e-01
2.110604535039166119e-01
1.798015143575447672e-01
1.547480828907626949e-01
1.369002088673850759e-01
1.263247225972320975e-01
1.221909200603002454e-01
1.229912207670308955e-01
1.268893053615061106e-01
1.321031951939534155e-01
1.372233507304100875e-01
1.413886922999768592e-01
1.442890982175077941e-01
1.460167126813111116e-01
1.468332898010468179e-01
1.469429976363896828e-01
1.463532015047647183e-01
1.448724724518231088e-01
1.422462249637382881e-01
1.383814667958167544e-01
1.335786462608667957e-01
1.286813501061399023e-01
1.250764343039849624e-01
1.245217298042959886e-01
1.288320170636281792e-01
1.394995501585225006e-01
1.573483549299046769e-01
1.823144117594858726e-01
2.134091490837570215e-01
2.488729612253242351e-01
2.745024803438051442e-01
2.429050710747302222e-01
2.152291566618918517e-01
1.930482203174825329e-01
1.772475188296683268e-01
1.678862634340075877e-01
1.642291865150546926e-01
1.649418115154983600e-01
1.683985500054505646e-01
1.730217368798876998e-01
1.775631778523885651e-01
1.812599813301188356e-01
1.838368426838652980e-01
1.853745364606332879e-01
1.861040992366658209e-01
1.862058284502651206e-01
1.856861152245046775e-01
1.843756864925730210e-01
1.820496139108057077e-01
1.786261588029586789e-01
1.743718818468905640e-01
1.700340480427204870e-01
1.668406747753002350e-01
1.663480020312476659e-01
1.701625514260275973e-01
1.796052798343873991e-01
1.954056350408742704e-01
2.175070243266128966e-01
2.450345129882585127e-01
2.764306926149647237e-01
3.066595628697047493e-01
2.797986128903169889e-01
2.562724915126138869e-01
2.374183558387587545e-01
2.239885264278854704e-01
2.160333864604547793e-01
2.129281811919502276e-01
2.135388926737294413e-01
2.164839748368776462e-01
2.204223896568137109e-01
2.242928301505556221e-01
2.274461709393588715e-01
2.296474982498600825e-01
2.309644920751384167e-01
2.315926774108220121e-01
2.316847477693059210e-01
2.312459778432094937e-01
2.301327356564448201e-01
2.281543979840021663e-01
2.252422057511082598e-01
2.216234214877564335e-01
2.179337181507586263e-01
2.152171375216926918e-01
2.147964498777343301e-01
2.180369972567317571e-01
2.260613659377878615e-01
2.394894765115296864e-01
2.582733298864278160e-01
2.816695741029862088e-01
3.083549360193253985e-01
3.472458017110837125e-01
3.250588665469651417e-01
3.050963370429340404e-01
2.885095832926691806e-01
2.760627778457470649e-01
2.680195213972044188e-01
2.641262776863281814e-01
2.636956139640386776e-01
2.657657897515142142e-01
2.692936936025452921e-01
2.733317387355304051e-01
2.771479206859440714e-01
2.802686579868473027e-01
2.824493417677212959e-01
2.835994316352985489e-01
2.837005762395066744e-01
2.827542694339906237e-01
2.807810893084385917e-01
2.778716841059971632e-01
2.742677529549112370e-01
2.704367139406269605e-01
2.671016499075339889e-01
2.651996123215486501e-01
2.657631381236261747e-01
2.697450470500200592e-01
2.778269788796929318e-01
2.902607715559949453e-01
3.067855049869784856e-01
3.266436420817820929e-01
3.486933937508323034e-01
3.222329755738911339e-01
2.961345442154283969e-01
2.726509579608955569e-01
2.531370565297701436e-01
2.384920843496358134e-01
2.290262531413078673e-01
2.244412546479261361e-01
2.239282489903451911e-01
2.263557133464377813e-01
2.304965297029215043e-01
2.352361706061154023e-01
2.397139594396609508e-01
2.433734201378904560e-01
2.459275233112300507e-01
2.472704309058545991e-01
2.473810463814704597e-01
2.462613584739911654e-01
2.439355373520130654e-01
2.405099761889552823e-01
2.362686676501258853e-01
2.317611665976646584e-01
2.278379141906008987e-01
2.256012245329247490e-01
2.262658699673105178e-01
2.309528839843514869e-01
2.404642089070898603e-01
2.550959904130936096e-01
2.745409335895059311e-01
2.979073054462713088e-01
3.238512020775730083e-01
3.006455383411665849e-01
2.711699470268651435e-01
2.446462093916329239e-01
2.226048661959946218e-01
2.060618012344100913e-01
1.953674775412316267e-01
1.901849269073315751e-01
1.896004755535722341e-01
1.923359990988161017e-01
1.970055035000831123e-01
2.023503322071693034e-01
2.073987346610741689e-01
2.115226969411782010e-01
2.143986025949537466e-01
2.159074421916017950e-01
2.160257758610872880e-01
2.147560323802272797e-01
2.121254812948343837e-01
2.082540968970280626e-01
2.034623703867380340e-01
1.983707582876959030e-01
1.939396555393093080e-01
1.914140663741830672e-01
1.921661150649504046e-01
1.974620825963512849e-01
2.082077869217253685e-01
2.247376237499237317e-01
2.467042378548254256e-01
2.730999970387679721e-01
3.024064477655186711e-01
2.847369401158204028e-01
2.527719357009576839e-01
2.240071581525179822e-01
2.001026762968800554e-01
1.821603620838037063e-01
1.705603528913658407e-01
1.649371809551316570e-01
1.642998902675056327e-01
1.672622854607782039e-01
1.723212568992709692e-01
1.781119090094274160e-01
1.835806253365785401e-01
1.880466753177062467e-01
1.911594921501554856e-01
1.927903753699408695e-01
1.929141711414320004e-01
1.915336388427911762e-01
1.886783317374631785e-01
1.844782287609835758e-01
1.792807167310668803e-01
1.737585087933333217e-01
1.689530471103143361e-01
1.662145191038679748e-01
1.670310436937669785e-01
1.727759748296502362e-01
1.844317040979179811e-01
2.023608200709569593e-01
2.261864275777454303e-01
2.548154438819898449e-01
2.866007270056361023e-01
2.762899597660616324e-01
2.430029521353926636e-01
2.130480557062959801e-01
1.881541292663775899e-01
1.694687116955779227e-01
1.573877000674228088e-01
1.515304913563673139e-01
1.508650869720163379e-01
1.539478985613209061e-01
1.592136213025856506e-01
1.652409423694942703e-01
1.709327735265428472e-01
1.755803940185813872e-01
1.788189308661693455e-01
1.805145427432188754e-01
1.806411696566235237e-01
1.792017484760527468e-01
1.762270449504699799e-01
1.718523490201643300e-01
1.664393277871604737e-01
1.606884430465289615e-01
1.556841761148964332e-01
1.528325724894890048e-01
1.536833517443779717e-01
1.596667308908875094e-01
1.718057670463329911e-01
1.904780198547828540e-01
2.152909038323183588e-01
2.451059523654561256e-01
2.782076766372412191e-01
2.762899597658140527e-01
2.430029521350928201e-01
2.130480557064893810e-01
1.881541292638275187e-01
1.694687116988659037e-01
1.573877000666592529e-01
1.515304913572799728e-01
1.508650869725846055e-01
1.539478985584105675e-01
1.592136213109368037e-01
1.652409423601717275e-01
1.709327735259634218e-01
1.755803940226626225e-01
1.788189308651356724e-01
1.805145427413835657e-01
1.806411696551063484e-01
1.792017484749773848e-01
1.762270449479065859e-01
1.718523490194976411e-01
1.664393277871086818e-01
1.606884430479147974e-01
1.556841761157315429e-01
1.528325724897628968e-01
1.536833517442675046e-01
1.596667308909026084e-01
1.718057670462955766e-01
1.904780198547297854e-01
2.152909038323048696e-01
2.451059523654571803e-01
2.782076766372454379e-01
2.847369401163054592e-01
2.527719356994984068e-01
2.240071581517383836e-01
2.001026762960263494e-01
1.821603620826955372e-01
1.705603528951084025e-01
1.649371809574691206e-01
1.642998902702578756e-01
1.672622854603095233e-01
1.723212568936214883e-01
1.781119090093081780e-01
1.835806253394534626e-01
1.880466753209310005e-01
1.911594921404196068e-01
1.927903753717920554e-01
1.929141711463032149e-01
1.915336388426650549e-01
1.886783317345531175e-01
1.844782287596076764e-01
1.792807167322820749e-01
1.737585087930212935e-01
1.689530471111058696e-01
1.662145191036025205e-01
1.670310436934617226e-01
1.727759748293025699e-01
1.844317040979411293e-01
2.023608200709740568e-01
2.261864275777341060e-01
2.548154438820008361e-01
2.866007270056445955e-01
3.006455383415834737e-01
2.711699470264408163e-01
2.446462093931628945e-01
2.226048661976914866e-01
2.060618012334563542e-01
1.953674775465479296e-01
1.901849269082142024e-01
1.896004755518942986e-01
1.923359990976301059e-01
1.970055034977075126e-01
2.023503322070139832e-01
2.073987346573668011e-01
2.115226969423216752e-01
2.143986025915559646e-01
2.159074421894014995e-01
2.160257758635711345e-01
2.147560323807950478e-01
2.121254812930578049e-01
2.082540968985708840e-01
2.034623703863432942e-01
1.983707582874028041e-01
1.939396555390736077e-01
1.914140663738502779e-01
1.921661150650776917e-01
1.974620825962312698e-01
2.082077869217552890e-01
2.247376237498856510e-01
2.467042378548471027e-01
2.730999970387775200e-01
3.024064477655240557e-01
3.222329755738070345e-01
2.961345442164596831e-01
2.726509579619015855e-01
2.531370565288499908e-01
2.384920843492985276e-01
2.290262531432402660e-01
2.244412546523586460e-01
2.239282489913328456e-01
2.263557133452158143e-01
2.304965297043043426e-01
2.352361706018946119e-01
2.397139594392618811e-01
2.433734201375676309e-01
2.459275233117267367e-01
2.472704309083241514e-01
2.473810463830078687e-01
2.462613584686912938e-01
2.439355373510365133e-01
2.405099761876574593e-01
2.362686676507286809e-01
2.317611665984766756e-01
2.278379141908456473e-01
2.256012245327402299e-01
2.262658699668680939e-01
2.309528839841612502e-01
2.404642089070694044e-01
2.550959904131419043e-01
2.745409335894906655e-01
2.979073054462690884e-01
3.238512020775703437e-01
3.472458017115211959e-01
3.250588665448783110e-01
3.050963370418884324e-01
2.885095832929235327e-01
2.760627778477524608e-01
2.680195213965625434e-01
2.641262776844678362e-01
2.636956139641009056e-01
2.657657897538749925e-01
2.692936936022756189e-01
2.733317387347444227e-01
2.771479206845040566e-01
2.802686579827661228e-01
2.824493417643800797e-01
2.835994316354291112e-01
2.837005762403990161e-01
2.827542694321488748e-01
2.807810893080958659e-01
2.778716841051039332e-01
2.742677529553139704e-01
2.704367139421116617e-01
2.671016499076144246e-01
2.651996123217929546e-01
2.657631381234640267e-01
2.697450470499920261e-01
2.778269788796603468e-01
2.902607715559897272e-01
3.067855049869678830e-01
3.266436420817793174e-01
3.486933937508306380e-01
