-6.676140449988891001e-01
-8.340785442812267414e-01
-1.014143767532119877e+00
-1.200469301910034314e+00
-1.384070037191557967e+00
-1.554884944169517169e+00
-1.702537872448026013e+00
-1.817226337510373879e+00
-1.890651086711163220e+00
-1.916885493395266149e+00
-1.893082122756491126e+00
-1.819925161552663706e+00
-1.701761076004934425e+00
-1.546373449028471736e+00
-1.364407647611899144e+00
-1.168492040143443100e+00
-9.721397958206967616e-01
-7.885439595870284979e-01
-6.293944607644718081e-01
-5.038463510377158006e-01
-4.177531124731824752e-01
-3.732486896964934964e-01
-3.687204648420429054e-01
-3.991679892960555698e-01
-4.568953348564424033e-01
-5.324450654892082246e-01
-6.156548414796376711e-01
-6.967074598928765239e-01
-7.670529940740993258e-01
-8.201059815205655745e-01
-5.326356630589221819e-01
-6.922211515025379347e-01
-8.680227569259489906e-01
-1.052946562983840595e+00
-1.238070277315698631e+00
-1.413194847495185202e+00
-1.567606492663802920e+00
-1.690986009693840941e+00
-1.774376816128387713e+00
-1.811107350743277999e+00
-1.797560037694827972e+00
-1.733689265828080694e+00
-1.623214137014010294e+00
-1.473445714847516408e+00
-1.294749288644038598e+00
-1.099684867603529792e+00
-9.019084082916036804e-01
-7.149470296049056373e-01
-5.509794037724445870e-01
-4.197547871061639846e-01
-3.277698359206034917e-01
-2.777926925353196852e-01
-2.687822668509025625e-01
-2.962024955240368795e-01
-3.526831610771582470e-01
-4.289373979643957835e-01
-5.148172858254037587e-01
-6.003770555468844750e-01
-6.768198943056694672e-01
-7.372276470215067823e-01
-3.745167292978608398e-01
-5.227602764424352788e-01
-6.897723534187311101e-01
-8.689178501695212775e-01
-1.051572627135963334e+00
-1.227640715892605039e+00
-1.386297145475636095e+00
-1.516896034280550420e+00
-1.609956369950851007e+00
-1.658120095503424762e+00
-1.656971835456179321e+00
-1.605618277323992649e+00
-1.506947432344261317e+00
-1.367521455324007817e+00
-1.197097573519552371e+00
-1.007815041692504687e+00
-8.131264971866420943e-01
-6.265843888672432138e-01
-4.606128686454206145e-01
-3.253996556316793298e-01
-2.280298050767876616e-01
-1.719551230896131377e-01
-1.568524606438447544e-01
-1.788764984205421515e-01
-2.312643602804868026e-01
-3.052072638477639210e-01
-3.908744801477361808e-01
-4.784613864085742740e-01
-5.591380292355447867e-01
-6.257961089721786330e-01
-2.036057412598682448e-01
-3.368481340737556340e-01
-4.912030229960128169e-01
-6.606778684258388656e-01
-8.371626739519341109e-01
-1.010897454930364425e+00
-1.171176453691644026e+00
-1.307233272984486883e+00
-1.409222566717749814e+00
-1.469194412741111622e+00
-1.481950282516900863e+00
-1.445676261505329796e+00
-1.362269616853805543e+00
-1.237306848568082041e+00
-1.079641301285374277e+00
-9.006614351723457590e-01
-7.132815974168407180e-01
-5.307703524502974668e-01
-3.655426360111896367e-01
-2.280480767129026420e-01
-1.258775085120893145e-01
-6.318385130832415708e-02
-4.047521487189785494e-02
-5.479222821609922023e-02
-1.002344406596736570e-01
-1.687588039869108991e-01
-2.511426969050905011e-01
-3.379889916790980720e-01
-4.206531311662307093e-01
-4.919911045977591879e-01
-3.162195665903137776e-02
-1.472815567506445822e-01
-2.860452398280201036e-01
-4.427037616480097304e-01
-6.098419893951995130e-01
-7.782444994904585966e-01
-9.375442660896725622e-01
-1.077064613463437626e+00
-1.186775346451050650e+00
-1.258263107599120856e+00
-1.285606936804211342e+00
-1.266054545225501871e+00
-1.200412926869242281e+00
-1.093096744119036234e+00
-9.518159749364559774e-01
-7.869259919774946876e-01
-6.105033733815721231e-01
-4.352441912174149774e-01
-2.733038454440188114e-01
-1.352055418021171629e-01
-2.893683243835611096e-02
4.066912699972524692e-02
7.220608357010444012e-02
6.760237918316061578e-02
3.169016509840402729e-02
-2.849692800732361864e-02
-1.046002041120195208e-01
-1.878727307610458530e-01
-2.700630072217409250e-01
-3.441476392038574916e-01
1.296703814659350973e-01
3.295075777423997487e-02
-8.838431806674551527e-02
-2.299968593394470795e-01
-3.853001203176019684e-01
-5.457942681704190946e-01
-7.016463099561439654e-01
-8.424715277833353388e-01
-9.582443252943418921e-01
-1.040244617840939467e+00
-1.081935145675177568e+00
-1.079667304107542414e+00
-1.033128450182350111e+00
-9.454705653632153872e-01
-8.230954779929654519e-01
-6.751112875833220617e-01
-5.125132907589452502e-01
-3.471756846813918163e-01
-1.907633136825492570e-01
-5.368257831934410140e-02
5.581419860029696034e-02
1.322758001963527941e-01
1.733865366466838254e-01
1.799631379690400934e-01
1.556308909828816589e-01
1.062342845969631577e-01
3.906730480918471637e-02
-3.797432596639775670e-02
-1.172143304696539878e-01
-1.918980092864331355e-01
2.697898981378128447e-01
1.921366445369140641e-01
8.893500171670626342e-02
-3.637964574990459887e-02
-1.781286310503852888e-01
-3.286522400421559853e-01
-4.788121103220535080e-01
-6.186987456483884484e-01
-7.384802974918862617e-01
-8.293065943896453796e-01
-8.841702583095609747e-01
-8.986266730974523664e-01
-8.712869531816986868e-01
-8.040216095023404730e-01
-7.018445462594824491e-01
-5.724834566267610336e-01
-4.256791089351517066e-01
-2.722878513775030540e-01
-1.232848309369549283e-01
1.122314889001621574e-02
1.228681479435262680e-01
2.056832265401779825e-01
2.564910628543524140e-01
2.749884288628420270e-01
2.635336084589171568e-01
2.266794994011560871e-01
1.705237817203935358e-01
1.019652678188079087e-01
2.796022457843055919e-02
-4.513596106962587673e-02
3.806602801451328677e-01
3.210944402176854062e-01
2.356837811669920402e-01
1.269841513800407939e-01
-2.588502014289895126e-04
-1.392996789079893050e-01
-2.818137266252677131e-01
-4.185220697178694271e-01
-5.399652276043184207e-01
-6.373490346282377761e-01
-7.033725763670441999e-01
-7.329459546205033815e-01
-7.237149967603362377e-01
-6.763299363447138335e-01
-5.944231931625207910e-01
-4.842942405325544319e-01
-3.543331136305459261e-01
-2.142442109943410444e-01
-7.415488398178035623e-02
5.629403471678492976e-02
1.687778233016426765e-01
2.569508888999444407e-01
3.168783616426951166e-01
3.472009506702122827e-01
3.490309458060051329e-01
3.256095213506863262e-01
2.817823924755576970e-01
2.233687833877909534e-01
1.565054287787355503e-01
8.704258842932019458e-02
4.573605918764398481e-01
4.140267860760289409e-01
3.452002303874435185e-01
2.526271495208777251e-01
1.401452786568190556e-01
1.356144571076220440e-02
-1.196884090524251293e-01
-2.510770905417596399e-01
-3.716762432939597627e-01
-4.729316452113990765e-01
-5.474429348136050644e-01
-5.896630038270318508e-01
-5.964387343254277107e-01
-5.673309805850174081e-01
-5.046757402728717645e-01
-4.133773846580580669e-01
-3.004550724112218796e-01
-1.743913363712795983e-01
-4.435386734481332194e-02
8.062501690316717373e-02
1.924235241952997610e-01
2.844799141242951857e-01
3.522532440911556595e-01
3.934566147154811011e-01
4.080526301328151195e-01
3.980293225366123844e-01
3.669995285460676548e-01
3.196843750990652211e-01
2.613500108212042372e-01
1.972653684915127992e-01
4.984102808337045332e-01
4.688678044430547587e-01
4.147985227183274004e-01
3.372443009030016148e-01
2.392016231742404020e-01
1.255583268219406523e-01
2.829899285621856331e-03
-1.212918141779962822e-01
-2.385408068686961647e-01
-3.407730413433728289e-01
-4.206856921315637043e-01
-4.724832452479903466e-01
-4.924180196722474090e-01
-4.791453490450107155e-01
-4.338536460133753936e-01
-3.601544165151521204e-01
-2.637439640248728789e-01
-1.518737856994900604e-01
-3.268745645244611198e-02
8.550438713080299458e-02
1.949341669058089199e-01
2.889998126043753501e-01
3.627393859950621691e-01
4.131172037664629926e-01
4.391044567187776249e-01
4.415619652961120245e-01
4.229550031126244614e-01
3.869471539961031326e-01
3.379299042838479483e-01
2.805462512295268107e-01
-7.534890919663468356e-01
-9.375728917024318543e-01
-1.135209721919560710e+00
-1.337990555627057487e+00
-1.535733669517004740e+00
-1.717138539285925747e+00
-1.870650339140041307e+00
-1.985462000231330126e+00
-2.052555252535340991e+00
-2.065667200965172423e+00
-2.022067626381922167e+00
-1.923045449699289700e+00
-1.774029793115957432e+00
-1.584309085137712181e+00
-1.366356402366977418e+00
-1.134815390584660078e+00
-9.052429084054285369e-01
-6.927365027888380267e-01
-5.105924292608479131e-01
-3.691402369451095566e-01
-2.748821154872096995e-01
-2.300308064046424905e-01
-2.324928611560518332e-01
-2.762903490223002079e-01
-3.523610290920246024e-01
-4.496319883950513630e-01
-5.562313306325274986e-01
-6.606910799204332996e-01
-7.530034823295775892e-01
-8.254204856533926549e-01
-6.034077702950021438e-01
-7.788752870076384172e-01
-9.705827200932589660e-01
-1.170411252848644779e+00
-1.368278692707366462e+00
-1.552773086720462770e+00
-1.712016208134891970e+00
-1.834685069016172676e+00
-1.911091743076056115e+00
-1.934204652914824907e+00
-1.900491239682093658e+00
-1.810473921125092422e+00
-1.668917743866670911e+00
-1.484606460288528273e+00
-1.269709569884194922e+00
-1.038790686070172997e+00
-8.075514640230825325e-01
-5.914395248951574979e-01
-4.042685586396593811e-01
-2.570009156060751310e-01
-1.568264815591582928e-01
-1.066379005401845576e-01
-1.049551546311506128e-01
-1.462981196543034490e-01
-2.219513419575581681e-01
-3.210185776451537909e-01
-4.316323339308685281e-01
-5.421703884250708150e-01
-6.423386977315377333e-01
-7.240065613042314663e-01
-4.283161613417503233e-01
-5.902652719983191298e-01
-7.710788021369281431e-01
-9.631692077996504286e-01
-1.156821069561574600e+00
-1.340784659475142249e+00
-1.503114979354901237e+00
-1.632187802697584011e+00
-1.717794497507346030e+00
-1.752198180112477077e+00
-1.731028452148349661e+00
-1.653902168725319477e+00
-1.524682854680239563e+00
-1.351328971273554780e+00
-1.145326960271922268e+00
-9.207533774532777882e-01
-6.930554493947762573e-01
-4.776752022110947182e-01
-2.886639868600913150e-01
-1.374384166006713814e-01
-3.181421958411977113e-02
2.457747244091748606e-02
3.243261934376540090e-02
-3.529572666457730934e-03
-7.526764815065487002e-02
-1.724195216228787686e-01
-2.834746084543700584e-01
-3.969713120598996614e-01
-5.025800750456598243e-01
-5.919565510625492966e-01
-2.399732315539955252e-01
-3.844768929157221793e-01
-5.502556919153257509e-01
-7.304607660313268136e-01
-9.159865900302277542e-01
-1.096007005645651455e+00
-1.258767713686367751e+00
-1.392572141890309201e+00
-1.486866535299326664e+00
-1.533309074356801860e+00
-1.526700396742185717e+00
-1.465660865040345318e+00
-1.352962989001148308e+00
-1.195463233583395901e+00
-1.003621924546438171e+00
-7.906477585127626995e-01
-5.713485912818934143e-01
-3.608068925788765480e-01
-1.730215382302492944e-01
-1.966399819774805602e-02
9.091493504258862934e-02
1.543209640481249256e-01
1.703308676831050972e-01
1.426735618419162355e-01
7.841824917365872172e-02
-1.294285468239508852e-02
-1.205955514716652577e-01
-2.335501119414273852e-01
-3.416977184795886857e-01
-4.366628499428314436e-01
-5.152164356207129814e-02
-1.759201400004498095e-01
-3.236412760135886080e-01
-4.887323573066685301e-01
-6.628988040100463053e-01
-8.359688499197919231e-01
-9.966203968148611425e-01
-1.133313987905980369e+00
-1.235344143245347137e+00
-1.293898840633302294e+00
-1.303007427182350408e+00
-1.260262681408405028e+00
-1.167223065775243374e+00
-1.029434350390437736e+00
-8.560519395287017330e-01
-6.590913181511842689e-01
-4.523783357300984465e-01
-2.503078891091611302e-01
-6.654403772546771401e-02
8.719682880563303651e-02
2.021470247637394413e-01
2.731656983043544429e-01
2.990263341116885520e-01
2.822939518177858265e-01
2.288225251306466312e-01
1.469484901800051369e-01
4.649027580184628139e-02
-6.231817221128239936e-02
-1.698321071622385103e-01
-2.678288989728557223e-01
1.240222093256997671e-01
2.097971698329631485e-02
-1.069375165320804594e-01
-2.547698410503190236e-01
-4.151794469324769921e-01
-5.788346586733458254e-01
-7.350564129253662760e-01
-8.726791452922393333e-01
-9.810466340760622961e-01
-1.051039960843886956e+00
-1.076023376040911028e+00
-1.052596623055922054e+00
-9.810593805039851123e-01
-8.655231961977768451e-01
-7.136451729673013444e-01
-5.360010339781337008e-01
-3.451576744259572394e-01
-1.545415050413584124e-01
2.277593923837897827e-02
1.752430030339731382e-01
2.938169914543919958e-01
3.726722338341854623e-01
4.095567715397572250e-01
4.057708353366769050e-01
3.657866903597760677e-01
2.965722661539278437e-01
2.067142348063528978e-01
1.054552724202486302e-01
1.762801396141794319e-03
-9.646710805649809373e-02
2.752508357898220126e-01
1.934273942793391654e-01
8.577337166082954489e-02
-4.377697022415105721e-02
-1.889262423523271339e-01
-3.413139663407881441e-01
-4.910731608252312252e-01
-6.276046338066235686e-01
-7.404992040925476582e-01
-8.205143066832105703e-01
-8.604985097069458577e-01
-8.561576014767436904e-01
-8.065695406444446380e-01
-7.143813263738415520e-01
-5.856557452809412201e-01
-4.293757696685204239e-01
-2.566542040296569960e-01
-7.973099557342583354e-02
8.913404893115742245e-02
2.387529571882628099e-01
3.599677803269285548e-01
4.463742665112315766e-01
4.947395017660557448e-01
5.050802260628163287e-01
4.804103048841924517e-01
4.262053647537460410e-01
3.496643778065621211e-01
2.588676806121157359e-01
1.619361329402136673e-01
6.628679740079693183e-02
3.935869953176676095e-01
3.316275276555211704e-01
2.435366403740925889e-01
1.322524061603246037e-01
3.010608952752152900e-03
-1.368723606740286092e-01
-2.784622188584675584e-01
-4.118853178443149243e-01
-5.271636546803630807e-01
-6.151234455770384635e-01
-6.682802836678348735e-01
-6.816015949191530643e-01
-6.530572291585217126e-01
-5.838905629986425039e-01
-4.785729324831821119e-01
-3.444398725844097786e-01
-1.910441369204823325e-01
-2.929326190181817668e-02
1.295356243006937913e-01
2.747972005378133131e-01
3.973881350097490106e-01
4.904709475744333247e-01
5.499404325461698662e-01
5.745940053976825723e-01
5.660039082108929698e-01
5.281248253380477209e-01
4.667002083332253415e-01
3.885504904861430964e-01
3.008339704520355262e-01
2.103660285552556297e-01
4.740628582302675031e-01
4.296763607475674318e-01
3.595233023694399677e-01
2.656272941875115201e-01
1.521979686935081844e-01
2.549088607027472086e-02
-1.065626107299987024e-01
-2.349344479212264747e-01
-3.502390414311113975e-01
-4.435611154453751315e-01
-5.072858142267424597e-01
-5.358404051371157273e-01
-5.262636453147829796e-01
-4.785361740041153000e-01
-3.956310661426832853e-01
-2.832748211080247103e-01
-1.494417585232975798e-01
-3.635028550325908325e-03
1.439685350318936352e-01
2.834177041544552189e-01
4.058346142424413827e-01
5.041232717592740720e-01
5.734696260014816582e-01
6.115906534632468139e-01
6.187210186361044029e-01
5.973572087403409281e-01
5.518063167165115912e-01
4.876062506495876248e-01
4.108937050820034020e-01
3.277949887158977393e-01
5.155631463298744332e-01
4.858674630286482499e-01
4.313982025005198562e-01
3.533854170899065616e-01
2.550940888868915568e-01
1.417515077065683304e-01
2.026383274415033409e-02
-1.012648326528561848e-01
-2.141723191793384606e-01
-3.099770989374492913e-01
-3.811407957355260612e-01
-4.217734208868701984e-01
-4.282040202590629008e-01
-3.993526558009378169e-01
-3.368607926926718843e-01
-2.449636636649096255e-01
-1.301168189341341541e-01
-4.163670762051263630e-04
1.351249503332115076e-01
2.673684908730526999e-01
3.878239519686961234e-01
4.893278584639412232e-01
5.665604620476191178e-01
6.163562052701512251e-01
6.377885978591588678e-01
6.320372622134186047e-01
6.020694042462086948e-01
5.521868530507167971e-01
4.875008087860340789e-01
4.133985373054094303e-01
-7.717494805656140988e-01
-9.591973730197400627e-01
-1.159486756342541947e+00
-1.363725307084872496e+00
-1.561223774590101421e+00
-1.740194101450694752e+00
-1.888664477637557182e+00
-1.995533411605255214e+00
-2.051658504942968531e+00
-2.050860535119696237e+00
-1.990722628564993490e+00
-1.873078826419930287e+00
-1.704115236628944041e+00
-1.494047297781526673e+00
-1.256383906101898207e+00
-1.006837651064612427e+00
-7.619841214130806950e-01
-5.378064386572682931e-01
-3.482791333216567198e-01
-2.041451739064382154e-01
-1.120205782195622390e-01
-7.392428502246090050e-02
-8.728104644570018611e-02
-1.453883349783599011e-01
-2.382822902127289533e-01
-3.538904361693399059e-01
-4.793271188686298867e-01
-6.021759439947338421e-01
-7.116134073844052610e-01
-7.992574016468092513e-01
-6.123230172617224465e-01
-7.893911056164735207e-01
-9.818736718517462325e-01
-1.181209508066014324e+00
-1.376856838605051703e+00
-1.556968583982003107e+00
-1.709303308960786749e+00
-1.822295424737180314e+00
-1.886179517381006310e+00
-1.894046335199878417e+00
-1.842705226520948036e+00
-1.733241000929199416e+00
-1.571181477716279806e+00
-1.366232512565714652e+00
-1.131585469865836746e+00
-8.828521789381539309e-01
-6.367281376423927775e-01
-4.095201284761361693e-01
-2.156945267327655402e-01
-6.660414672238666733e-02
3.046651858031065863e-02
7.283379426807687351e-02
6.247103045069324345e-02
5.591870605796911420e-03
-8.817889158604769184e-02
-2.069373984494233543e-01
-3.377926288241624442e-01
-4.681614356512335817e-01
-5.869183048593350494e-01
-6.852796763394712887e-01
-4.284479638807239255e-01
-5.901627366150327125e-01
-7.697971188492610528e-01
-9.593745922750315236e-01
-1.148782728662138153e+00
-1.326404520904147732e+00
-1.480000164617480518e+00
-1.597766688550442904e+00
-1.669472329722928139e+00
-1.687543126189191112e+00
-1.647974340501836998e+00
-1.550950594434251206e+00
-1.401085383306989618e+00
-1.207230226504649062e+00
-9.818515998987292770e-01
-7.400242518892463650e-01
-4.981362444477835938e-01
-2.724380074175057898e-01
-7.758974002481677790e-02
7.463480255780449713e-02
1.763459496077255662e-01
2.241290467106685502e-01
2.191688656755061693e-01
1.669041184051405502e-01
7.626564369112082131e-02
-4.139870201267040195e-02
-1.735745243690092199e-01
-3.078534533014614105e-01
-4.330805835415343363e-01
-5.402555815328733413e-01
-2.328206762345477188e-01
-3.753336926135669716e-01
-5.380566470998197071e-01
-7.138135440074697691e-01
-8.931745817351187666e-01
-1.065025010287069307e+00
-1.217394308226469324e+00
-1.338479048533711468e+00
-1.417761126871285304e+00
-1.447101818185486000e+00
-1.421685069673603419e+00
-1.340692317911853726e+00
-1.207615573114857233e+00
-1.030153064822472597e+00
-8.196781059433160266e-01
-5.903214431389188777e-01
-3.577540513403418276e-01
-1.377950671165322216e-01
5.500680110383485144e-02
2.086640538600409156e-01
3.147721048721164872e-01
3.691516845054234608e-01
3.720471342408039339e-01
3.278697682031808114e-01
2.445307434208799646e-01
1.324566961090149209e-01
3.416811861051166632e-03
-1.306929867531964329e-01
-2.589665420739130086e-01
-3.723852640783449353e-01
-3.935844985213696190e-02
-1.602316853110165029e-01
-3.032466377471751962e-01
-4.621890502860113159e-01
-6.285176787334495474e-01
-7.918561706556782598e-01
-9.407496036139469942e-01
-1.063626794838046896e+00
-1.149877294433380381e+00
-1.190929394444566025e+00
-1.181206287348339989e+00
-1.118843672043408954e+00
-1.006073539105351466e+00
-8.492134051182035348e-01
-6.582439527477693675e-01
-4.460056181556658617e-01
-2.270902444844917212e-01
-1.654164388320129853e-02
1.714962779075415999e-01
3.250368797536464793e-01
4.352764715310487587e-01
4.972783114745227273e-01
5.102461958425607014e-01
4.773690813952714551e-01
4.052704257526698051e-01
3.031429727727925627e-01
1.816848900453414128e-01
5.197157632682891659e-02
-7.560317579992334447e-02
-1.922018592520388092e-01
1.384259804390406690e-01
4.010397149757974344e-02
-8.180733257118105728e-02
-2.221512938613032229e-01
-3.734204717809955776e-01
-5.261621226981383348e-01
-6.696468860962708769e-01
-7.927507783108009853e-01
-8.849686339459273965e-01
-9.374536852390762398e-01
-9.439668262461504700e-01
-9.016224059579711625e-01
-8.113353128358120614e-01
-6.779048560729651340e-01
-5.097109835471225203e-01
-3.180428854718351239e-01
-1.161235074417692192e-01
8.206959348273068500e-02
2.630611387284746971e-01
4.150763763732506773e-01
5.290505651657765318e-01
5.993421566189394145e-01
6.240783729180173767e-01
6.051070895418285689e-01
5.475770079039860017e-01
4.592123616114595075e-01
3.493826203258774132e-01
2.280871164916463967e-01
1.049768281875965159e-01
-1.147892512610018678e-02
2.889795222810049857e-01
2.126547230269943689e-01
1.118713202184457300e-01
-9.298819357502707827e-03
-1.444601245098975084e-01
-2.852086521190320134e-01
-4.217034168073402478e-01
-5.434535282138208689e-01
-6.402498937197180773e-01
-7.031464832572700274e-01
-7.253833873716278857e-01
-7.031443640244365856e-01
-6.360557072729147166e-01
-5.273596832377382970e-01
-3.837314221529263825e-01
-2.147487385569890328e-01
-3.206487078227734933e-02
1.516305206536282257e-01
3.237511589486677943e-01
4.729314429300573996e-01
5.900005970076606099e-01
6.687107323387593283e-01
7.061464279649410924e-01
7.027829026080811836e-01
6.622028798110589642e-01
5.905228942841778128e-01
4.956123815612518690e-01
3.862089920599401927e-01
2.710387107724808731e-01
1.580394910522398277e-01
4.039456634520069978e-01
3.478166116432691579e-01
2.669903330530065677e-01
1.644915327839957808e-01
4.559233033389892276e-02
-8.241463957499323145e-02
-2.106866817399140057e-01
-3.295146285400819552e-01
-4.291596631195876421e-01
-5.007599828018348687e-01
-5.372099431365341404e-01
-5.339121658467429477e-01
-4.893134228526625495e-01
-4.051569274011945776e-01
-2.864144527372368687e-01
-1.408977533108846381e-01
2.141434054431912148e-02
1.892636468407391803e-01
3.511205047931493795e-01
4.962032327721584979e-01
6.153999085095719357e-01
7.019959450669670531e-01
7.521355525098530892e-01
7.649784479469597942e-01
7.425506041696668946e-01
6.893242554378189446e-01
6.115927806366012742e-01
5.167263654563269970e-01
4.124020287251605188e-01
3.058962352090329739e-01
4.789000514851443624e-01
4.402491381554466399e-01
3.772986569037215521e-01
2.921182560800481554e-01
1.889043281264664864e-01
7.383493399283352909e-02
-4.530191766497373984e-02
-1.596855014684616658e-01
-2.601966292209407228e-01
-3.382377596177184031e-01
-3.865531194563129880e-01
-3.999585746413192311e-01
-3.758977032928000894e-01
-3.147577558305376666e-01
-2.199049464603076154e-01
-9.742971187629041740e-02
4.437460642954210721e-02
1.957457931523056416e-01
3.463214397427702984e-01
4.860492867011529938e-01
6.060425353183916952e-01
6.992914774531809874e-01
7.611615591261976510e-01
7.896350009125545633e-01
7.852846902568914045e-01
7.510009156484274140e-01
6.915192831295386977e-01
6.128181522570418371e-01
5.214637158994434030e-01
4.239796353272152762e-01
5.135004754068096533e-01
4.890812736044236608e-01
4.413556614208294926e-01
3.715701592914308904e-01
2.829403823462020018e-01
1.805773793830214580e-01
7.120768429994381310e-02
-3.730013017878996973e-02
-1.365647947087219316e-01
-2.184186077649308277e-01
-2.756567679768554546e-01
-3.027297119596196184e-01
-2.963018733937750060e-01
-2.556131741775200528e-01
-1.826003817914514937e-01
-8.176172468206788224e-02
4.022332535252204355e-02
1.750798825766693712e-01
3.136670964240054760e-01
4.467738007000094935e-01
5.658967709993472095e-01
6.639218371795385654e-01
7.356414127081116749e-01
7.780629991878496021e-01
7.904890602649875531e-01
7.743758287955562203e-01
7.330034553370633477e-01
6.710091705407101870e-01
5.938464790316326791e-01
5.072357639703891641e-01
-7.015240153276612878e-01
-8.775047307101159211e-01
-1.065586606629226774e+00
-1.257074757350935768e+00
-1.441531329213180612e+00
-1.607470578505578729e+00
-1.743266684637923891e+00
-1.838196000545198050e+00
-1.883509498361798595e+00
-1.873416646639319616e+00
-1.805861728292126100e+00
-1.682988665815874363e+00
-1.511219693355895677e+00
-1.300913689168733400e+00
-1.065617058048111687e+00
-8.209680964262673353e-01
-5.833587776249243850e-01
-3.684902037932538121e-01
-1.899749875153405876e-01
-5.813865718470066779e-02
2.084785937815075707e-02
4.540972831463896409e-02
1.853865841063651043e-02
-5.269629311801887761e-02
-1.580308210084329923e-01
-2.851671695704274256e-01
-4.210715201163357513e-01
-5.532520030046196302e-01
-6.708729117913476703e-01
-7.655905611907038999e-01
-5.367133391633067685e-01
-7.006206758421086311e-01
-8.789773247485496155e-01
-1.063457494820149396e+00
-1.243825482656470305e+00
-1.408606056025981212e+00
-1.545984816194708733e+00
-1.644861924113374396e+00
-1.695954491531074471e+00
-1.692826285357601712e+00
-1.632721322167045352e+00
-1.517091660439848333e+00
-1.351738317338152306e+00
-1.146524793767183414e+00
-9.146705590753571036e-01
-6.716812801831063551e-01
-4.340174010324915344e-01
-2.176370173934845109e-01
-3.656802502384029485e-02
9.833486522377896111e-02
1.803113268822426341e-01
2.071942177103317795e-01
1.814351182268147122e-01
1.096626399120052275e-01
1.835909446192413030e-03
-1.298964149422648096e-01
-2.724886112426906370e-01
-4.132862367890755007e-01
-5.411636899215902519e-01
-6.473929694070232888e-01
-3.505034059024739745e-01
-4.976576655270396055e-01
-6.615235061329334254e-01
-8.343921723826058789e-01
-1.006507492858810471e+00
-1.166690565685381209e+00
-1.303207542214542380e+00
-1.404807945273343073e+00
-1.461831247996688621e+00
-1.467260838240169063e+00
-1.417600377056615013e+00
-1.313459378190264371e+00
-1.159761881694831187e+00
-9.655315798600330179e-01
-7.432541553217381081e-01
-5.078672072978559493e-01
-2.754737754155678342e-01
-6.191117670699240738e-02
1.186722988326560368e-01
2.550776117774182783e-01
3.400134383243054170e-01
3.706485162644257425e-01
3.487016307952399696e-01
2.800688016122256929e-01
1.740432027517884450e-01
4.223164693683859050e-02
-1.026948177718400579e-01
-2.482643157431015379e-01
-3.833364981973571561e-01
-4.989851533681680662e-01
-1.560934046569738554e-01
-2.830572715506315395e-01
-4.287735237368965890e-01
-5.863578252463611529e-01
-7.467786298319751825e-01
-8.994178431591806078e-01
-1.032882742098837570e+00
-1.136002794689212392e+00
-1.198914307444243210e+00
-1.214115579275294010e+00
-1.177368996443402649e+00
-1.088335925971133156e+00
-9.508548953258405545e-01
-7.728108480177662276e-01
-5.655889504236677467e-01
-3.431549880247717343e-01
-1.208497714818714541e-01
8.597870203936019973e-02
2.633592816549701343e-01
3.999469328122633449e-01
4.880000422215402534e-01
5.239797958168047609e-01
5.087107618047165269e-01
4.470950037317651393e-01
3.474261719329023723e-01
2.203975138855917837e-01
7.793184237604930398e-02
-6.802260159432307884e-02
-2.065907239582279176e-01
-3.288470880465521606e-01
3.241839463162124457e-02
-7.241519961603826161e-02
-1.976904144198518842e-01
-3.374979356820497767e-01
-4.837254027726475281e-01
-6.265398839201744563e-01
-7.551242699357978427e-01
-8.586092055552417834e-01
-9.271111429367986378e-01
-9.527656161902029464e-01
-9.306365127402657089e-01
-8.593888087558481104e-01
-7.416337537420897297e-01
-5.838896267395259354e-01
-3.961440070246377010e-01
-1.910498368666826152e-01
1.716836584733855142e-02
2.139856298903110299e-01
3.858891022053394515e-01
5.215890126624311840e-01
6.129954463711875245e-01
6.558555958422238596e-01
6.499870212415947979e-01
5.990916665653728268e-01
5.101863260909692555e-01
3.927308303742987894e-01
2.575689747771462423e-01
1.158144350186971205e-01
-2.218752064942319802e-02
-1.477109310449679080e-01
2.017073752867352410e-01
1.193724088388309068e-01
1.536907871852619123e-02
-1.054523750325635501e-01
-2.360303707276430740e-01
-3.674873084449568061e-01
-4.897757943071304743e-01
-5.925266079905716632e-01
-6.660186145928900237e-01
-7.021685880779579003e-01
-6.954286978201534852e-01
-6.434832104133288988e-01
-5.476538684476272012e-01
-4.129536035630579915e-01
-2.477672318490508618e-01
-6.318085504355759607e-02
1.279764966666719628e-01
3.122802289038082435e-01
4.769238445493467760e-01
6.108668673510628810e-01
7.057918949651974527e-01
7.567682736365354268e-01
7.625555651954359915e-01
7.255241163870276289e-01
6.512166861362186365e-01
5.476177607349564935e-01
4.242298939939588287e-01
2.910746330149480698e-01
1.577370893183089595e-01
3.255843556464119160e-02
3.407725108096281152e-01
2.798424829479477793e-01
1.965595587672645805e-01
9.469967463282452647e-02
-1.978967652083890583e-02
-1.390943148977649702e-01
-2.540806443444506013e-01
-3.550460370958641310e-01
-4.326034842880969178e-01
-4.786092202414121699e-01
-4.870302287756542725e-01
-4.546494783377243998e-01
-3.815207725970021224e-01
-2.711108359252819566e-01
-1.301006986407982624e-01
3.214255625405113004e-02
2.043738972272934051e-01
3.744749510879717969e-01
5.305477331358785520e-01
6.619788904098588000e-01
7.603591302394726581e-01
8.201601487282875746e-01
8.391012717358640183e-01
8.181763031891862159e-01
7.613525756556839275e-01
6.749931771688622018e-01
5.670843547174675425e-01
4.463689340229369806e-01
3.214909367655535144e-01
2.002464390362538593e-01
4.421141953361634735e-01
4.002993873923457180e-01
3.360293394152493729e-01
2.520541807605469753e-01
1.532102949055888785e-01
4.620368279596809291e-02
-6.083564398922532146e-02
-1.589988595495879509e-01
-2.393858607278997186e-01
-2.939557918561070959e-01
-3.163482262484815788e-01
-3.025809572203965736e-01
-2.515405032232196914e-01
-1.652024613840644696e-01
-4.854831466934347861e-02
9.082034609908659628e-02
2.433342090609121044e-01
3.983079644520798324e-01
5.449005082935239885e-01
6.730800048049807582e-01
7.744900250662023478e-01
8.431256042495290925e-01
8.757519381356293486e-01
8.720304562253173852e-01
8.343528416208290110e-01
7.674182877364972288e-01
6.776180974495885634e-01
5.723107576658469364e-01
4.590775337410716306e-01
3.450430425958040948e-01
5.023655085903817596e-01
4.765525012633213819e-01
4.287605550383816189e-01
3.608149702450051954e-01
2.765018741251034085e-01
1.814327674742723662e-01
8.269761335540007363e-02
-1.167352747420362380e-02
-9.339464115672967137e-02
-1.546867666853672940e-01
-1.890392563640802548e-01
-1.918846712952904654e-01
-1.611091640455808716e-01
-9.733656359140752112e-02
-3.948738988604399980e-03
1.131657534634189499e-01
2.461118338883573065e-01
3.856854096665032205e-01
5.221941272102412768e-01
6.463134165789590213e-01
7.498866560475658805e-01
8.265861507261731411e-01
8.723695930652006769e-01
8.856923836730803412e-01
8.674661675233465985e-01
8.207840871698874885e-01
7.504594580009658067e-01
6.624433463550901680e-01
5.631955878312877584e-01
4.590823901652952843e-01
5.223101223257259340e-01
5.089778477640716225e-01
4.746759671356198806e-01
4.204430439542341524e-01
3.491205771941081615e-01
2.652879677786018631e-01
1.750065638154739978e-01
8.538440660809734628e-02
3.996398578317461592e-03
-6.178545474823626815e-02
-1.054831671586665270e-01
-1.221508561750566796e-01
-1.088885745626792106e-01
-6.517265210584455293e-02
7.037298969652078240e-03
1.034300805639594978e-01
2.177020634379535358e-01
3.421070563127847075e-01
4.681388776750406988e-01
5.872742095097928106e-01
6.916975579401256624e-01
7.749337618859547527e-01
8.323259845763578690e-01
8.613168198448436508e-01
8.615143874333980323e-01
8.345507950494384097e-01
7.837636768405124021e-01
7.137496201941970764e-01
6.298489605382062706e-01
5.376236467053893131e-01
-5.445779921868209028e-01
-6.971476120773961727e-01
-8.616382157813611276e-01
-1.030169643087528675e+00
-1.193210023478607829e+00
-1.340224700040153927e+00
-1.460527000299447486e+00
-1.544256066139240824e+00
-1.583382358115410504e+00
-1.572627948182723001e+00
-1.510188993906581567e+00
-1.398162683876915890e+00
-1.242609301786090636e+00
-1.053218863709326714e+00
-8.425965502860320866e-01
-6.252264656753075966e-01
-4.162134130255374931e-01
-2.299320928038868228e-01
-7.872818582912988195e-02
2.818638855303326474e-02
8.552161477036893111e-02
9.229419955299947298e-02
5.176974453485072569e-02
-2.902395183693487479e-02
-1.401470333329417062e-01
-2.698527703254253174e-01
-4.058113097869369135e-01
-5.363063599901474188e-01
-6.512700842899120657e-01
-7.430503495827245342e-01
-3.761101868883840460e-01
-5.151246216911066211e-01
-6.681698616614636377e-01
-8.277678637236041137e-01
-9.846416036710925468e-01
-1.128338394836555736e+00
-1.248070432777641514e+00
-1.333699509393298399e+00
-1.376766315113130856e+00
-1.371449315336644270e+00
-1.315336782809087612e+00
-1.209909236298022162e+00
-1.060657260548544922e+00
-8.767985087877800954e-01
-6.706031035772466176e-01
-4.563831419917837584e-01
-2.492437320125726608e-01
-6.372446655917247960e-02
8.752293571028255115e-02
1.948756818429979998e-01
2.525731371577097928e-01
2.591506618911074700e-01
2.174296524017661769e-01
1.340728138548274162e-01
1.876617925298434963e-02
-1.168664131822985813e-01
-2.604811115675214062e-01
-4.002181461818780095e-01
-5.257557518696979182e-01
-6.291051821556395973e-01
-1.911951518732201982e-01
-3.125463077736057027e-01
-4.499194670718699163e-01
-5.964650456976140491e-01
-7.434169993433276113e-01
-8.806708642972951306e-01
-9.975903016496270315e-01
-1.083973087105934097e+00
-1.131079544802851222e+00
-1.132609245432828704e+00
-1.085508511570428603e+00
-9.905031489615974127e-01
-8.522770250436579875e-01
-6.792548454306939210e-01
-4.829923285980809444e-01
-2.772234889366552157e-01
-7.665706280115835991e-02
1.043532732487237880e-01
2.531218527279121000e-01
3.597828273176411074e-01
4.181531735965179353e-01
4.262122718522126652e-01
3.861489856593455228e-01
3.039794428499102974e-01
1.887906703398723740e-01
5.170960253613851587e-02
-9.527257558514670710e-02
-2.404785967207570541e-01
-3.735911838409473051e-01
-4.864580362065703545e-01
-3.202881925000178320e-03
-1.041010804717742988e-01
-2.227716140706509917e-01
-3.531777364526368368e-01
-4.872857906460180688e-01
-6.155809956110428471e-01
-7.278181697680339290e-01
-8.139443876477303608e-01
-8.651018079953307627e-01
-8.746002826048445700e-01
-8.387441244576974153e-01
-7.574070285607547026e-01
-6.342730045995530475e-01
-4.766967423969867834e-01
-2.951799162671333576e-01
-1.025052846519716732e-01
8.738763846548880387e-02
2.606685145999207975e-01
4.048872203425196714e-01
5.101101926310431800e-01
5.697963060692706749e-01
5.813165930011687799e-01
5.460647224661457910e-01
4.691548320604743694e-01
3.587533653752691398e-01
2.251350224935084465e-01
7.958360360386981802e-02
-6.672790000352503414e-02
-2.037487952520372347e-01
-3.233471761144212642e-01
1.740170603091358015e-01
9.483403074851803893e-02
-3.517248191984984063e-03
-1.159407753968619836e-01
-2.353053536973594984e-01
-3.528852207566213206e-01
-4.590367666403584179e-01
-5.440560647189259802e-01
-5.991330333645502604e-01
-6.172983557966230661e-01
-5.942521445891908449e-01
-5.289703623433457125e-01
-4.240058657027218070e-01
-2.854333925334405775e-01
-1.224280369806107771e-01
5.349016485041110935e-02
2.294723862485081034e-01
3.925119900961069330e-01
5.306438502058452578e-01
6.340401235803361235e-01
6.958815025093887385e-01
7.129092401678938096e-01
6.856017470918992496e-01
6.179653550351618119e-01
5.169757665888485842e-01
3.917482242996603858e-01
2.525446751622492103e-01
1.097409616980386249e-01
-2.712545996812551485e-02
-1.501256224956477314e-01
3.277994263502915784e-01
2.700428185098191491e-01
1.921691483035417869e-01
9.827027620987799361e-02
-5.533116205915150632e-03
-1.114491115420530309e-01
-2.106040063205072976e-01
-2.938172528277436801e-01
-3.524871356001094691e-01
-3.794921349186054504e-01
-3.700040469718987035e-01
-3.221132048183464880e-01
-2.371835110786089662e-01
-1.198835953853520098e-01
2.212313739748802965e-02
1.788069626309628790e-01
3.386579465994948857e-01
4.897371099748993872e-01
6.207789748362971816e-01
7.222244073751449278e-01
7.870701887746740510e-01
8.114435657343537223e-01
7.948435462002932939e-01
7.400315918537502258e-01
6.525971038074019903e-01
5.402617737391336439e-01
4.120160529045877595e-01
2.771966542855484050e-01
1.446142412442505132e-01
2.182583186492087490e-02
4.481508670902665248e-01
4.101395652685828619e-01
3.515711468276097040e-01
2.755351889118337061e-01
1.870994687382409871e-01
9.303791725241947197e-02
1.336028045307691148e-03
-7.948939905700491693e-02
-1.411920808851135634e-01
-1.766351511298809851e-01
-1.805723055768572172e-01
-1.502779021005487547e-01
-8.594635096433654586e-02
9.194608575651741500e-03
1.290801348667775794e-01
2.653015578939610375e-01
4.078490364229215848e-01
5.460258249693534793e-01
6.694352791818859449e-01
7.689325018440610338e-01
8.374365854664472808e-01
8.705164433872034646e-01
8.666911820925400356e-01
8.274212252404987700e-01
7.568041990038504307e-01
6.610247089685580280e-01
5.476346946201924304e-01
4.247572851255220217e-01
3.003100249655121790e-01
1.813331430419356793e-01
5.288198757597110111e-01
5.077880609128848644e-01
4.662918633118005030e-01
4.064794414526838873e-01
3.323855662278630829e-01
2.497424029897481190e-01
1.655815586321488786e-01
8.765477697857942951e-02
2.372615539613057156e-02
-1.919125672178287334e-02
-3.557018405544991324e-02
-2.198988033642307327e-02
2.243251604332610616e-02
9.585575298672080469e-02
1.938019001131986718e-01
3.095146393653055439e-01
4.345539835433457343e-01
5.595650714428637151e-01
6.751380170137695202e-01
7.726650788257071190e-01
8.451021544929330220e-01
8.875538220696177483e-01
8.976233440565306587e-01
8.754983181184980978e-01
8.237750536527056466e-01
7.470558256194120839e-01
6.513786264199198373e-01
5.435554783787204247e-01
4.305007865024407243e-01
3.186253706244412953e-01
5.677906097997227342e-01
5.602894105679040448e-01
5.329336868671166183e-01
4.870381668773767769e-01
4.256774310025008834e-01
3.535723190090003243e-01
2.767850264404723148e-01
2.022413139073422073e-01
1.371215602847797033e-01
8.818150660088092119e-02
6.107563329398960073e-02
5.975932723695931426e-02
8.603968467634021122e-02
1.393296042223561015e-01
2.166375610720028544e-01
3.127988410179554091e-01
4.209263275022636641e-01
5.330336044353197744e-01
6.407633243091670483e-01
7.361420043224836673e-01
8.122801817983832384e-01
8.639445065794928436e-01
8.879448997901406848e-01
8.833031784790066343e-01
8.511963956943118248e-01
7.946949136695827809e-01
7.183382704912768535e-01
6.276081625966432043e-01
5.283653737862643585e-01
4.263156631653525208e-01
5.671547892497703636e-01
5.694823531416094431e-01
5.530297169974486282e-01
5.184178468037670129e-01
4.678733325604695903e-01
4.051798228978450434e-01
3.354581359706272359e-01
2.647854873814023957e-01
1.996850832985352653e-01
1.465351664548168731e-01
1.109589160509037720e-01
9.726159015064128610e-02
1.079781633931987672e-01
1.435837423869425755e-01
2.024015420718510982e-01
2.807213080766923774e-01
3.731174434735069489e-01
4.729336240587924678e-01
5.728821085769796317e-01
6.656935464020677928e-01
7.447483806670794904e-01
8.046245053545301174e-01
8.415071656602970407e-01
8.534246700129094476e-01
8.402949401491205395e-01
8.037903634730223512e-01
7.470488191147640622e-01
6.742744606865188617e-01
5.902809506371219372e-01
5.000315040101722674e-01
-3.282429279232772501e-01
-4.506919347916489293e-01
-5.856625901139644874e-01
-7.265107001679397269e-01
-8.650346251475758974e-01
-9.920473439891842604e-01
-1.098136632634978183e+00
-1.174544805912979939e+00
-1.214076666678941319e+00
-1.211931983160489334e+00
-1.166359411833644888e+00
-1.079042953734556942e+00
-9.551585448271993073e-01
-8.030742861659072585e-01
-6.337088438992023454e-01
-4.596036412898515389e-01
-2.938004160278324672e-01
-1.486417907170061725e-01
-3.462502862718493113e-02
4.056399310212754905e-02
7.272855907995517954e-02
6.147557565654318545e-02
1.013471176984975797e-02
-7.470211567571774514e-02
-1.839593857271502320e-01
-3.070755830897242689e-01
-4.330966042370826274e-01
-5.517348599854783320e-01
-6.542749298447740891e-01
-7.342334184779367723e-01
-1.568338751416731847e-01
-2.646541302304865617e-01
-3.869274377849201141e-01
-5.174347406560779739e-01
-6.482690504137746945e-01
-7.703821066995070188e-01
-8.743328786911880313e-01
-9.511709612002421377e-01
-9.933633817021915169e-01
-9.956592975183752303e-01
-9.557861818534134635e-01
-8.748842065214685881e-01
-7.576115082581077464e-01
-6.118889629174080191e-01
-4.482946817740338652e-01
-2.791605441428533507e-01
-1.174603494612504184e-01
2.439328048806804761e-02
1.357121262806076645e-01
2.085264263439423338e-01
2.382984351725133398e-01
2.242764734387062420e-01
1.694533023777815284e-01
8.014054981633700336e-02
-3.478258438360644356e-02
-1.648495100824569626e-01
-2.990932948299336314e-01
-4.271103729983917185e-01
-5.399804907146437127e-01
-6.309482968943818104e-01
2.521242814275589939e-02
-6.458482480888796951e-02
-1.706050619868468843e-01
-2.872484010981947722e-01
-4.071260235557756513e-01
-5.215639981540211023e-01
-6.213187330429867927e-01
-6.974407802774442722e-01
-7.421979370234468298e-01
-7.499530186541619736e-01
-7.178891526420848601e-01
-6.464869697487275468e-01
-5.396826928339494289e-01
-4.046710627098869528e-01
-2.513580796994605571e-01
-9.151058401195516501e-02
6.231258862928754083e-02
1.979346837312201124e-01
3.047118542226261440e-01
3.745325013448627116e-01
4.025531454869886172e-01
3.875894669942099302e-01
3.321225107732510562e-01
2.419268296505537041e-01
1.253732490525505117e-01
-7.502435904664234156e-03
-1.460476711340198408e-01
-2.800316817759678223e-01
-4.005558733467911026e-01
-5.007415932218663990e-01
2.046113064047812846e-01
1.348854237528328837e-01
4.743904860419398406e-02
-5.289930598371198056e-02
-1.594470212976807633e-01
-2.641135229356962322e-01
-3.580632419731302196e-01
-4.325376555227147257e-01
-4.797522229507023006e-01
-4.937672137083533030e-01
-4.712271788277277995e-01
-4.118733299696236694e-01
-3.187556030911193883e-01
-1.981041350365760068e-01
-5.885926698740777396e-02
8.809989979500321144e-02
2.309511251432797840e-01
3.580428170795961762e-01
4.590036295681532152e-01
5.257240032073767777e-01
5.530997102895000017e-01
5.394554361283347976e-01
4.866050858000345869e-01
3.995498745681783648e-01
2.858593614686502082e-01
1.548182793897427134e-01
1.644796313772481366e-02
-1.194782484670166567e-01
-2.443123061824271081e-01
-3.512093713050218335e-01
3.680283596979698757e-01
3.189184972613908764e-01
2.509616971354943216e-01
1.681168860492529837e-01
7.622218932516669487e-02
-1.738250919913308934e-02
-1.044500312213477444e-01
-1.765867278171964760e-01
-2.261024969198493495e-01
-2.468551204018870071e-01
-2.349881231054141706e-01
-1.894685430117072078e-01
-1.123507769059228917e-01
-8.722758118971607466e-03
1.136725510830096930e-01
2.451086037373887139e-01
3.747720100014702016e-01
4.917885562673192101e-01
5.862653921207644503e-01
6.502329262367224638e-01
6.783811162857115162e-01
6.685093502856489511e-01
6.216440309511288564e-01
5.418187774232808840e-01
4.355533480960750436e-01
3.111032465316410089e-01
1.775774538376723444e-01
4.403330975069344455e-02
-8.134612661930604172e-02
-1.919048005932265655e-01
5.036924085583488475e-01
4.742647536632819127e-01
4.253103736405772217e-01
3.598802822531592671e-01
2.828880373439324192e-01
2.008074502474056777e-01
1.211580589949170228e-01
5.182090156185301111e-02
2.530492588780630658e-04
-2.731246826464139854e-02
-2.658726007080469689e-02
4.220689392062548784e-03
6.409693959044027167e-02
1.491984184930519042e-01
2.531321703884118479e-01
3.675122985136088927e-01
4.827386385397718360e-01
5.889132964232165479e-01
6.767937060861168863e-01
7.386757169174380522e-01
7.691082940314262206e-01
7.653618867061295905e-01
7.276028857097498470e-01
6.587629025462673482e-01
5.641289642100982826e-01
4.507139586042466783e-01
3.264911461824524519e-01
1.995889243311748384e-01
7.754082906809395270e-02
-3.332831797582977429e-02
6.027874993977742069e-01
5.908292164482588094e-01
5.591552537987423133e-01
5.099293851639419284e-01
4.471206086458325846e-01
3.762775617438619546e-01
3.041001773361711180e-01
2.378424568260150418e-01
1.846049917823934516e-01
1.505940460500058975e-01
1.404327484458249564e-01
1.566077217911163444e-01
1.991213186653251477e-01
2.653970904138328590e-01
3.504569870809501886e-01
4.473567375769241794e-01
5.478349383774948622e-01
6.431055113274271040e-01
7.247057055094100475e-01
7.853050343408819467e-01
8.193854546650508608e-01
8.237192079792812205e-01
7.975960502898687965e-01
7.427827864967448956e-01
6.632308889003550867e-01
5.645779931907256577e-01
4.535120755570584139e-01
3.370800138924343603e-01
2.220234965840526542e-01
1.142151879442568074e-01
6.603967890262365525e-01
6.627523984065912810e-01
6.457022322966641248e-01
6.105952891191170906e-01
5.604915265097006882e-01
5.000098904808085720e-01
4.349871327921424058e-01
3.719726369599797300e-01
3.176075467413665976e-01
2.779542298459789507e-01
2.578518053064610127e-01
2.603735605677321985e-01
2.864523884464136305e-01
3.347220372226578089e-01
4.015972898452120354e-01
4.815882825582660232e-01
5.678165487493684882e-01
6.526765001529714061e-01
7.285689462892304125e-01
7.886250921615919340e-01
8.273413255189949744e-01
8.410568149243969893e-01
8.282259958540129086e-01
7.894637784539169090e-01
7.273692917229073185e-01
6.461603558611289655e-01
5.511720366174817087e-01
4.482857645861852980e-01
3.433590418337935102e-01
2.417196749520230392e-01
6.758585010893943812e-01
6.888456692264852688e-01
6.832073175265096499e-01
6.595898240722565253e-01
6.202252744877619905e-01
5.688460626461087077e-01
5.104270360927024575e-01
4.507722452323379425e-01
3.959843430928222663e-01
3.518715644005228071e-01
3.233574918511042950e-01
3.139609483703442727e-01
3.254069447818348504e-01
3.574154395010098462e-01
4.076945265917677474e-01
4.721411037061727933e-01
5.452280283840921227e-01
6.205352307734632866e-01
6.913658717292858746e-01
7.513794382588793175e-01
7.951727866344024953e-01
8.187476643949578303e-01
8.198181653820098003e-01
7.979319046589316011e-01
7.544016999329186124e-01
6.920670905911222581e-01
6.149240691920844215e-01
5.276744460395197400e-01
4.352517671669219324e-01
3.423783083062438282e-01
6.525078191430975227e-01
6.723466174258209138e-01
6.747494067915247307e-01
6.597968416372198552e-01
6.290066226269998007e-01
5.853047071043774308e-01
5.328430180721929199e-01
4.766734426276306724e-01
4.223065378786603485e-01
3.751990357444081603e-01
3.402247114282342944e-01
3.211869596024148343e-01
3.204279589344803947e-01
3.385790349674066002e-01
3.744810705867637202e-01
4.252845520369744614e-01
4.867184648892073362e-01
5.534982549818943109e-01
6.198277338991259322e-01
6.799399645654078395e-01
7.286189596746597275e-01
7.616477896483208054e-01
7.761388730474346742e-01
7.707174265158281967e-01
7.455472346165128439e-01
7.022066203671010198e-01
6.434392668533009951e-01
5.728171970387793133e-01
4.943602597911649355e-01
4.121572804627240405e-01
-9.787311375503485178e-02
-1.892297922306971358e-01
-2.942170392012093405e-01
-4.075925039164969288e-01
-5.226417963715568327e-01
-6.316586724638449946e-01
-7.265988680904561514e-01
-7.998467854064242877e-01
-8.450133837643500900e-01
-8.576724723378268411e-01
-8.359433038678445449e-01
-7.808404021298700481e-01
-6.963356367229868171e-01
-5.891098493070554554e-01
-4.680078491639904081e-01
-3.432467336696418680e-01
-2.254586218829448818e-01
-1.246709243955762408e-01
-4.933715505942244672e-02
-5.527403036121508739e-03
3.629989328928273640e-03
-2.180661761122733300e-02
-7.868507246724187887e-02
-1.611736166038085227e-01
-2.614407424837645322e-01
-3.705136632855348666e-01
-4.792088919190663487e-01
-5.790237722190409997e-01
-6.628884162642507683e-01
-7.257014358363508277e-01
7.469339740917377291e-02
-1.588653976701520643e-03
-9.333240567136119603e-02
-1.957267563796822596e-01
-3.023693866695924548e-01
-4.057229673763701472e-01
-4.977575760986587827e-01
-5.707198371667732140e-01
-6.179468726015598934e-01
-6.346304799128928975e-01
-6.184363963373362694e-01
-5.698956870721192391e-01
-4.925090035751755746e-01
-3.925368682600702819e-01
-2.784862159472343279e-01
-1.603404640233815071e-01
-4.861263990193830098e-02
4.667565873556211997e-02
1.169756396846041990e-01
1.560420600634286059e-01
1.605191573419073314e-01
1.302164856031447771e-01
6.804688101345512941e-02
-2.035994057184674355e-02
-1.273151597314923500e-01
-2.439148061250166755e-01
-3.609643506128273338e-01
-4.698727822694855893e-01
-5.634147143725175555e-01
-6.362822394971550111e-01
2.523826606814325579e-01
1.938472476116318843e-01
1.182229706760782595e-01
2.973228464238361624e-02
-6.572043542944548677e-02
-1.609664146830944720e-01
-2.481850969606571866e-01
-3.196554999955085741e-01
-3.685663884374650312e-01
-3.897913318048173981e-01
-3.805327558690361212e-01
-3.407499589694716891e-01
-2.733086713985379279e-01
-1.838213520914117605e-01
-8.018406479634627992e-02
2.814721303263123531e-02
1.310653758132267754e-01
2.188066225734719150e-01
2.829189954348189096e-01
3.170950756940614790e-01
3.177742783836675633e-01
2.844476854831430312e-01
2.196346038449509541e-01
1.285403362238127511e-01
1.844357969306337219e-02
-1.021059945058844926e-01
-2.241786138747065005e-01
-3.393357781451550315e-01
-4.403825268098741086e-01
-5.219226092795721250e-01
4.222602965544546283e-01
3.828248675477221585e-01
3.249804916094549689e-01
2.522436771866244376e-01
1.698693146358641604e-01
8.448417720285764099e-02
3.520708607885836283e-03
-6.549730617010958433e-02
-1.157414297835127059e-01
-1.418467681462031726e-01
-1.405673991836657311e-01
-1.112339213339802735e-01
-5.594883741342918104e-02
2.051457100489822993e-02
1.111089796748962744e-01
2.071684366786663289e-01
2.992533364251808159e-01
3.780916637745540543e-01
4.355102822636497395e-01
4.652501845189553897e-01
4.635730707157125208e-01
4.295918714302181529e-01
3.652917644809110520e-01
2.752464405232110112e-01
1.660716960560762734e-01
4.568970235841482430e-02
-7.750187663771089530e-02
-1.954542336174479311e-01
-3.011901686926364841e-01
-3.893495002967950480e-01
5.716981253904229732e-01
5.512863918558252863e-01
5.115403140909415836e-01
4.552028132625065560e-01
3.867737049110349101e-01
3.122031674635750154e-01
2.383854870888680588e-01
1.724985706956678466e-01
1.212589106897959679e-01
9.017752896513867022e-02
8.290727595194963273e-02
1.007646845849811956e-01
1.424910953351377907e-01
2.042902879186312137e-01
2.801469113585138837e-01
3.623958422307088645e-01
4.424816147472585559e-01
5.118232499026393878e-01
5.626862778371078955e-01
5.889623506755232718e-01
5.867679223134852906e-01
5.547957581745636135e-01
4.943837436985604183e-01
4.093005728519137909e-01
3.052826789929363738e-01
1.893864163520477539e-01
6.923987871031850316e-02
-4.771292082134989676e-02
-1.548874032244272891e-01
-2.470816428499742479e-01
6.899016263650860070e-01
6.870706236152001045e-01
6.644370641818844181e-01
6.239561137912834621e-01
5.693191439713491953e-01
5.057120889793996765e-01
4.393786912452541937e-01
3.770270835461615455e-01
3.251418023274396107e-01
2.892795335335205387e-01
2.734330394327626479e-01
2.795426752969192297e-01
3.072191820227453407e-01
3.537170431263034764e-01
4.141677984782194955e-01
4.820511879390656507e-01
5.498529078223659550e-01
6.098348233877094460e-01
6.548296367031835041e-01
6.789690781471757752e-01
6.782631251094608515e-01
6.509665493804855929e-01
5.976958658115095746e-01
5.212909787278847684e-01
4.264472844690216924e-01
3.191713621925326150e-01
2.061328886081686129e-01
9.399442636882862634e-02
-1.120173663112722373e-02
-1.045236619278495094e-01
7.691894971193977693e-01
7.813537993067101173e-01
7.737349433866387294e-01
7.475373627576986646e-01
7.056431514323495691e-01
6.524360135707155672e-01
5.934390364238135707e-01
5.347972102433132813e-01
4.826581778548317825e-01
4.425208580765839228e-01
4.186288197641336861e-01
4.134823931988260703e-01
4.275307799743348625e-01
4.590845312831797198e-01
5.044624661965060319e-01
5.583588251834918914e-01
6.143898303785717552e-01
6.657572282875415803e-01
7.059525412930902633e-01
7.294213956060149329e-01
7.321129811227625739e-01
7.118547099727104976e-01
6.685145255478299742e-01
6.039401057795598105e-01
5.216917865608051708e-01
4.266106322338797385e-01
3.242813370165975595e-01
2.204591384019296829e-01
1.205296029961886728e-01
2.906049558029052959e-02
8.058160562750716904e-01
8.295943095093377684e-01
8.340915099353383155e-01
8.198418106647555881e-01
7.889644204018355644e-01
7.450498930328857128e-01
6.928729135914878379e-01
6.379549635628400939e-01
5.860212514553519991e-01
5.424120086140069574e-01
5.115162897329134095e-01
4.962955569524758470e-01
4.979546466372581914e-01
5.158005359679688206e-01
5.473069488160984264e-01
5.883782022188283056e-01
6.337819521062943995e-01
6.777006271845987806e-01
7.143377906326580096e-01
7.385100794813488356e-01
7.461583816156021065e-01
7.347230757647652544e-01
7.033459835883532074e-01
6.528837785651195880e-01
5.857409818974842475e-01
5.055521770471976817e-01
4.167597904542879039e-01
3.241435409051210970e-01
2.323593607414183582e-01
1.455394100358897436e-01
8.002146753913841337e-01
8.318413928796178913e-01
8.451325688058762831e-01
8.400641402841936278e-01
8.180762781779568060e-01
7.820154573020545730e-01
7.359186275912710240e-01
6.846557380363620382e-01
6.334659441081552655e-01
5.874377296762318679e-01
5.509917024020236642e-01
5.274257562599284910e-01
5.185755327345830112e-01
5.246296243486805455e-01
5.441205977057810284e-01
5.740920918646116311e-01
6.104216283567723833e-01
6.482609033822365197e-01
6.825423693571786021e-01
7.084943597311639252e-01
7.221075698205488003e-01
7.205031925530257508e-01
7.021663635024589789e-01
6.670259805126528274e-01
6.163810818042254613e-01
5.526922232152094994e-01
4.792712656673471239e-01
3.999127552580842293e-01
3.185135499759501609e-01
2.387244028810135144e-01
7.566507845112682151e-01
7.923897883178316892e-01
8.111133938454982983e-01
8.123690625693148482e-01
7.970267321434492125e-01
7.672677264966737409e-01
7.264333595892167317e-01
6.787431097023330917e-01
6.289091474249035585e-01
5.816877808993347054e-01
5.414170686027384161e-01
5.115922609274666799e-01
4.945266104148262620e-01
4.911350868621068289e-01
5.008640536672792631e-01
5.217729283539479512e-01
5.507564238973161608e-01
5.838802704428043278e-01
6.167911877421011768e-01
6.451546748640583084e-01
6.650726430676123790e-01
6.734370826430888801e-01
6.681851690922383513e-01
6.484341988032306103e-01
6.144897515336471550e-01
5.677355166576643075e-01
5.104263346077144714e-01
4.454155526355189076e-01
3.758526948693196035e-01
3.048873418400452895e-01
9.839000621548013581e-02
3.456996324578143209e-02
-4.387784842370774652e-02
-1.330485083021280268e-01
-2.276532300083276006e-01
-3.214064989575622922e-01
-4.075716200655516985e-01
-4.796122570500355176e-01
-5.318787684998046439e-01
-5.602481371533287735e-01
-5.626369321911053323e-01
-5.393183516951377543e-01
-4.929956748661716848e-01
-4.286127440394648103e-01
-3.529137596963771717e-01
-2.737956177754659048e-01
-1.995222400469316426e-01
-1.378884153714471095e-01
-9.542814260150678241e-02
-7.675819711807529977e-02
-8.413194888337441335e-02
-1.172531412813625218e-01
-1.733675298837991929e-01
-2.476161048012512911e-01
-3.336016823747564031e-01
-4.240953828188255281e-01
-5.117944766990387695e-01
-5.900403712777615439e-01
-6.534153170845145020e-01
-6.981569672970012741e-01
2.677090420427454820e-01
2.186110160523684620e-01
1.531121841160834884e-01
7.470268313597985821e-02
-1.163134182722753984e-02
-9.977351006151352619e-02
-1.830131601058830049e-01
-2.546999886981607952e-01
-3.089456368878454318e-01
-3.412891349846000066e-01
-3.492427123749279883e-01
-3.326454460626034892e-01
-2.937733198885328356e-01
-2.371828061235590479e-01
-1.692973522442306200e-01
-9.777796011906932094e-02
-3.074625413780070204e-02
2.405249651505000918e-02
6.005054670447573795e-02
7.253069351972527001e-02
5.909395253163940431e-02
1.986971677766494193e-02
-4.255202049038214751e-02
-1.234524379602167932e-01
-2.165333783938513112e-01
-3.146124541906128447e-01
-4.103759555527388692e-01
-4.970983300032553176e-01
-5.692461402322386288e-01
-6.229043987469311539e-01
4.378304014056778604e-01
4.054887980783649093e-01
3.552072044365712777e-01
2.899390723126857861e-01
2.142193650521571346e-01
1.338320556700073605e-01
5.529896788062482749e-02
-1.476098785115577405e-02
-7.033182754808038617e-02
-1.066768652039395554e-01
-1.209069793782621693e-01
-1.123662485449551801e-01
-8.278071906324796503e-02
-3.614407862540880423e-02
2.165395127250641094e-02
8.341881672458695274e-02
1.413966790860372302e-01
1.880893889631480576e-01
2.170447609260524324e-01
2.235305604217589781e-01
2.050146975341864686e-01
1.613980650082676715e-01
9.497723648896216897e-02
1.014782703165673095e-02
-8.710881695428636384e-02
-1.898871842853699088e-01
-2.910829688884527533e-01
-3.840936347316334931e-01
-4.634136522439836758e-01
-5.250626366620682051e-01
5.965157073736629956e-01
5.817309277406532697e-01
5.477982324804212544e-01
4.970492006785673933e-01
4.334503802806803918e-01
3.623138882382717085e-01
2.898247466174409537e-01
2.224301691155211314e-01
1.661579099805786386e-01
1.259442708580344183e-01
1.050551465091802694e-01
1.046749191865314899e-01
1.237191138115611710e-01
1.589000088601296434e-01
2.050434260108794093e-01
2.556237848719127292e-01
3.034572646060778034e-01
3.414730769040135172e-01
3.634729813152720590e-01
3.647905666471024100e-01
3.427743660869227993e-01
2.970410215917839158e-01
2.294736309802481167e-01
1.439722939477478258e-01
4.599442043428575433e-02
-5.805262333044680645e-02
-1.614879388336766253e-01
-2.580191197014747306e-01
-3.423131066141933965e-01
-4.104159997241096924e-01
7.320597412342109145e-01
7.343238802399730814e-01
7.166433788996121601e-01
6.806866420379018567e-01
6.297749626732035422e-01
5.686431735257339026e-01
5.030166197215896196e-01
4.390446825342334547e-01
3.826530610490309625e-01
3.388911502803172437e-01
3.113548211396264254e-01
3.017579508942640487e-01
3.097090472609042022e-01
3.327245676451550116e-01
3.664814080800961049e-01
4.052814007245874039e-01
4.426743809499635862e-01
4.721668332969058968e-01
4.879327739934486985e-01
4.854436766926842894e-01
4.619448731179860435e-01
4.167255986150927294e-01
3.511561379532281979e-01
2.684948786399680154e-01
1.734965377322945368e-01
7.187649915796698319e-02
-3.029816171189010643e-02
-1.272148441270000152e-01
-2.138477212371671099e-01
-2.863596450416464045e-01
8.346975707452102267e-01
8.522787232203943297e-01
8.495834537286317545e-01
8.276216570668758488e-01
7.890372966708485425e-01
7.379226859132876903e-01
6.794529090550147643e-01
6.193748089310678884e-01
5.634065025342096522e-01
5.166178208035417940e-01
4.828671068770842290e-01
4.643646077797808358e-01
4.614179578469754794e-01
4.723930423828736069e-01
4.938969052450835617e-01
5.211618971657314692e-01
5.485855390781472218e-01
5.703617408852117432e-01
5.811284066838697804e-01
5.765553431810600538e-01
5.538048377455409010e-01
5.118141415673483907e-01
4.513721438371558481e-01
3.749886796727877059e-01
2.865806492883679057e-01
1.910209374759167800e-01
9.361105544035394632e-02
-4.554556579760837831e-04
-8.657510376120025608e-02
-1.611100560394297943e-01
8.977594086715185995e-01
9.279303130425586854e-01
9.379795173254599217e-01
9.283058629488925018e-01
9.008879245015914972e-01
8.591520141853732362e-01
8.076681294645436937e-01
7.517020271634460293e-01
6.966722047074078716e-01
6.475749435138999921e-01
6.084464986038806700e-01
5.819281055530071134e-01
5.689872372953663771e-01
5.688292570240102153e-01
5.790099854320711614e-01
5.957349292957347942e-01
6.143082387087337448e-01
6.296767299959967756e-01
6.370036811577618474e-01
6.322047917446131926e-01
6.123848584106054149e-01
5.761274438829698807e-01
5.236092404879182372e-01
4.565333344651324454e-01
3.778981296751418029e-01
2.916382436622855234e-01
2.021876316426202969e-01
1.140217500108915705e-01
3.123409859261067067e-02
-4.280641603723323030e-02
9.183847169230288099e-01
9.577579672577340997e-01
9.776378128063472062e-01
9.778945358020358913e-01
9.598918161023073381e-01
9.264053261111397930e-01
8.813805467390216641e-01
8.295516878032112018e-01
7.759628258380446564e-01
7.254463286454918558e-01
6.821202228537162071e-01
6.489644525276969667e-01
6.275263093678197235e-01
6.177891601882997685e-01
6.182182718368044450e-01
6.259758146111902288e-01
6.372768466853031555e-01
6.478417709864942031e-01
6.533903431555764252e-01
6.501189317227618059e-01
6.351066298690581924e-01
6.066063268126204999e-01
5.641924794542563237e-01
5.087559514043884512e-01
4.423553979811335468e-01
3.679517165990873195e-01
2.890648120864558468e-01
2.093987593627114896e-01
1.324817000511480380e-01
6.136081752194622041e-02
8.976897839169015736e-01
9.426060561120626069e-01
9.690850799246064629e-01
9.765751235047952505e-01
9.659049506144801178e-01
9.392472224119701174e-01
8.999351541497551121e-01
8.521483083769866296e-01
8.005009259015263279e-01
7.495794100779802349e-01
7.034825598195397767e-01
6.654179660971062393e-01
6.374008143978026064e-01
6.200883360167823710e-01
6.127662378832394729e-01
6.134849481531120530e-01
6.193258517146900122e-01
6.267630275684744623e-01
6.320760279667307913e-01
6.317649984656129591e-01
6.229212366851785143e-01
6.035136920857644416e-01
5.725638099516093815e-01
5.301958718227249845e-01
4.775655988710628685e-01
4.166842031853965622e-01
3.501664382071663084e-01
2.809381305073692658e-01
2.119404686406859695e-01
1.458650634969498039e-01
8.403856109153082787e-01
8.872962481011354985e-01
9.171805808275421690e-01
9.291829890652076873e-01
9.236956672111431565e-01
9.023591901233332102e-01
8.679322737586929737e-01
8.240411991746731113e-01
7.748349427639086295e-01
7.245842584112630602e-01
6.772700570304178713e-01
6.362075268120358507e-01
6.037475569906649575e-01
5.810870407695122308e-01
5.682060585762076510e-01
5.639346756203883482e-01
5.661371098651698519e-01
5.719881494542050637e-01
5.783073617731401272e-01
5.819117727491974756e-01
5.799476631491753409e-01
5.701667044425119402e-01
5.511200809778288301e-01
5.222553224356430990e-01
4.839128162828733037e-01
4.372307965980487543e-01
3.839775300434514760e-01
3.263362663281145215e-01
2.666715866987461325e-01
2.073049366898314927e-01
2.256679171427316832e-01
1.834298190127326700e-01
1.263222888826455448e-01
5.712433662394272860e-02
-2.011450258394471835e-02
-1.003760901466826116e-01
-1.781167354729471242e-01
-2.478074737321182275e-01
-3.045111736715654938e-01
-3.444272808738133573e-01
-3.653354995998853161e-01
-3.668796946283716665e-01
-3.506515211976928281e-01
-3.200573473080086107e-01
-2.799787062599988774e-01
-2.362622789836736903e-01
-1.950968869333662425e-01
-1.623493905625529587e-01
-1.429368582024468648e-01
-1.403081425127503112e-01
-1.560945432076992767e-01
-1.899682004622673948e-01
-2.397209311930123266e-01
-3.015487888935812766e-01
-3.705023890791584451e-01
-4.410434680838878352e-01
-5.076369498333828112e-01
-5.653064843580010157e-01
-6.100899882056544099e-01
-6.393486091697275775e-01
3.847467223279777970e-01
3.560377257736918599e-01
3.107632697481258477e-01
2.513278297947791895e-01
1.815122421562691268e-01
1.061896257803380539e-01
3.088913464417189503e-02
-3.874906620630279297e-02
-9.756636353612119228e-02
-1.414545824056654133e-01
-1.678296240315020615e-01
-1.759478203280187558e-01
-1.670211874153191556e-01
-1.441121902325006310e-01
-1.118159669126708167e-01
-7.576455752642288766e-02
-4.201004962114505970e-02
-1.635880312797985403e-02
-3.735095300232998961e-03
-7.648831327399185920e-03
-2.982884302070031024e-02
-7.006240029721463869e-02
-1.262555793042370866e-01
-1.947014883772615335e-01
-2.705177703477020801e-01
-3.481947835884727782e-01
-4.221841719911795243e-01
-4.874557121160372208e-01
-5.399584169202623629e-01
-5.769383749774449344e-01
5.419213234559335790e-01
5.282614196039582266e-01
4.965822118529225060e-01
4.488226669415406045e-01
3.883800828319632359e-01
3.198531365365052670e-01
2.486245656956420358e-01
1.803251286130589659e-01
1.202393445718999143e-01
7.272453563625411177e-02
4.071599562779029680e-02
2.538233629665601065e-02
2.597736626582036745e-02
3.991069490410437126e-02
6.303193871869702813e-02
9.009661789623676920e-02
1.153590875165188823e-01
1.332220752907657124e-01
1.388655815332141830e-01
1.287808709217845571e-01
1.011476431815032384e-01
5.601260732239235485e-02
-4.747026493469364006e-03
-7.766453043741522455e-02
-1.580932625673492076e-01
-2.407290777118199776e-01
-3.201777914542779380e-01
-3.914975722131625036e-01
-4.506534343194720238e-01
-4.948365651048155511e-01
6.860745838855613066e-01
6.878878016764002901e-01
6.705611671726908751e-01
6.355090581483919809e-01
5.856571813796520587e-01
5.252203149312246744e-01
4.593148696204514270e-01
3.934450243700973182e-01
3.329206540862134078e-01
2.822771239923255182e-01
2.447693115264415187e-01
2.220044817603218645e-01
2.137619587574200730e-01
2.180242718148995562e-01
2.312178567553995479e-01
2.486350698841791884e-01
2.649866948205005235e-01
2.750181754928676670e-01
2.741154621303596439e-01
2.588284592692831065e-01
2.272512630346835982e-01
1.792171623580890716e-01
1.162902648858501753e-01
4.156141099683072215e-02
-4.071971547381435241e-02
-1.256249756095647041e-01
-2.080774336364070165e-01
-2.833641267942669795e-01
-3.475720132254207506e-01
-3.979012812858544468e-01
8.067072822832616064e-01
8.232724845256352841e-01
8.199839954171008749e-01
7.977096007150664692e-01
7.588490291132523602e-01
7.071516219752710386e-01
6.473677182505672700e-01
5.847686640384001100e-01
5.245899776500547729e-01
4.714646302391646282e-01
4.289166429398502123e-01
3.989787196238416822e-01
3.819823878757890867e-01
3.765473368866978365e-01
3.797714101576998846e-01
3.875974910922886929e-01
3.953116409382209095e-01
3.981110878455549340e-01
3.916729297692526091e-01
3.726555468366640200e-01
3.390744336060316222e-01
2.905110896746754268e-01
2.281354616379095701e-01
1.545462782101957033e-01
7.345625375464326368e-02
-1.073250004552361858e-02
-9.340587015468129750e-02
-1.702074975676328705e-01
-2.374453781415876708e-01
-2.923920503287641415e-01
8.951874822793415287e-01
9.247272447836880627e-01
9.341539583979521222e-01
9.238047660069388378e-01
8.955356311861843999e-01
8.525814703581737763e-01
7.992526886070401293e-01
7.404984827756290189e-01
6.813865925650374189e-01
6.265618821938885308e-01
5.797502372130413084e-01
5.433691629939978451e-01
5.182929944190928229e-01
5.038008057232986614e-01
4.977118104939525223e-01
4.966894890958072351e-01
4.966749891608350786e-01
4.933951188744795102e-01
4.828822930062838248e-01
4.619439199712306321e-01
4.285267209640150066e-01
3.819361513578127809e-01
3.228904203347330304e-01
2.534099622642133065e-01
1.765637307220592478e-01
9.611061729844311285e-02
1.608541607335156609e-02
-5.961730293941613912e-02
-1.276115572121963027e-01
-1.853007921371111477e-01
9.457654119689533623e-01
9.856591754479695489e-01
1.005651868030748464e+00
1.005600422017477680e+00
9.868345847060178144e-01
9.520592885803775829e-01
9.050997313979052272e-01
8.505145787668964008e-01
7.931212726398484403e-01
7.374900845797320859e-01
6.874683673754973245e-01
6.457927847680646760e-01
6.138358090804100220e-01
5.915152754532883028e-01
5.773748526614399523e-01
5.688218608279239641e-01
5.624897727792134150e-01
5.546783584730333727e-01
5.418164287763799214e-01
5.208912886770131756e-01
4.897951833578489955e-01
4.475512074565538567e-01
3.943976119541875436e-01
3.317279339081772305e-01
2.619024087578677440e-01
1.879613139704200686e-01
1.132812747495779981e-01
4.121989564439867970e-02
-2.520795991201728314e-02
-8.358669427638748539e-02
9.561890661442917771e-01
1.003276558798427365e+00
1.031130425453099519e+00
1.039205142248942781e+00
1.028352077685096511e+00
1.000761351162659185e+00
9.597559128292576514e-01
9.094582056223567967e-01
8.543672028371895877e-01
7.988959103313687526e-01
7.469247589883607485e-01
7.014240161682723240e-01
6.641889354041942140e-01
6.357163925238883406e-01
6.152334868755274799e-01
6.008696016856361899e-01
5.899462320005661731e-01
5.793456198843517369e-01
5.659113728167097790e-01
5.468325117229098087e-01
5.199667367611338076e-01
4.840683071320163178e-01
4.388993808338277347e-01
3.852190890472592111e-01
3.246599606337301491e-01
2.595145592355814212e-01
1.924646753545929678e-01
1.262900265278838752e-01
6.359279330289679955e-02
6.568876956550534496e-03
9.278293488826483415e-01
9.787569067866093153e-01
1.011527094559069972e+00
1.025287354813819274e+00
1.020480947831547969e+00
9.988235036731765160e-01
9.631439062091737835e-01
9.171050005390788407e-01
8.648355915530827609e-01
8.105168526353484504e-01
7.579719061887811860e-01
7.103062934548697305e-01
6.696396952689116500e-01
6.369568862053546221e-01
6.120904256402395216e-01
5.938312256484872265e-01
5.801480534522275301e-01
5.684850584613722058e-01
5.560988625269538410e-01
5.403942811979179917e-01
5.192203586294935613e-01
4.910954930393852669e-01
4.553408891760565291e-01
4.121139257979594683e-01
3.623456206863432394e-01
3.075975948082853018e-01
2.498624024085663031e-01
1.913358522401150952e-01
1.341906012500438117e-01
8.037706714795961327e-02
8.653143302911818768e-01
9.168727079164080696e-01
9.516866903332352745e-01
9.686991318649225136e-01
9.680285480112627017e-01
9.509741654694743307e-01
9.198992783242707638e-01
8.780039505180630144e-01
8.290123980273266246e-01
7.768111533342618724e-01
7.250798426282241138e-01
6.769564314057882060e-01
6.347733597742823974e-01
5.998911259734348578e-01
5.726431689586339857e-01
5.523921909343438852e-01
5.376851605550653224e-01
5.264836893884192737e-01
5.164393869089620726e-01
5.051807647672569290e-01
4.905793426898703569e-01
4.709673849013018554e-01
4.452873470561067304e-01
4.131625352060079859e-01
3.748884194171654416e-01
3.313532577564124448e-01
2.839040786664975835e-01
2.341788392111369965e-01
1.839273128739928598e-01
1.348419914943797260e-01
2.720577205228799089e-01
2.451258946789945659e-01
2.041960937070474158e-01
1.511835801058756534e-01
8.911975062415258830e-02
2.192367023394245495e-02
-4.594722220482209962e-02
-1.099317341632342349e-01
-1.658354325321845235e-01
-2.102801640382736537e-01
-2.410760352755049740e-01
-2.574675261949705973e-01
-2.602204092210751440e-01
-2.515358316993270282e-01
-2.347995759360866908e-01
-2.141952136093774328e-01
-1.942268934593245899e-01
-1.792086591000696394e-01
-1.727810960175968913e-01
-1.775122987965714605e-01
-1.946291535299158326e-01
-2.239081829643319588e-01
-2.637348930745820885e-01
-3.113193758256609378e-01
-3.630367082673567336e-01
-4.148460543864781469e-01
-4.627343089297837331e-01
-5.031296521040943270e-01
-5.332373903337693788e-01
-5.512636631450631430e-01
4.130057878556581130e-01
3.977008652558928770e-01
3.668466977669202489e-01
3.220433964158038176e-01
2.661039838075123232e-01
2.028398067882539457e-01
1.367150869334728680e-01
7.240595089177528920e-02
1.431442281332989674e-02
-3.390367763764157161e-02
-6.973765005799333061e-02
-9.209630397095636134e-02
-1.014216057639111129e-01
-9.962549940536981341e-02
-8.985615612608152669e-02
-7.612140225195897225e-02
-6.281488531285585319e-02
-5.420239201349641434e-02
-5.393017635950793365e-02
-6.461370945239068575e-02
-8.755444475457947739e-02
-1.226154577001067059e-01
-1.682663835111348205e-01
-2.217866593688779253e-01
-2.795965519124226084e-01
-3.376704593570168944e-01
-3.919785333195332511e-01
-4.389018274381096818e-01
-4.755728562998365883e-01
-5.001063886717893592e-01
5.508836589172141363e-01
5.483294445355898494e-01
5.289015124296200243e-01
4.938189432183053285e-01
4.455902619640577100e-01
3.878197100924217766e-01
3.248749544542636203e-01
2.614504491209015402e-01
2.020767420523365276e-01
1.506353753260470663e-01
1.099401129017394674e-01
8.143781475363343070e-02
6.506744401103387032e-02
5.929560798432359503e-02
6.132455065527941951e-02
6.744672595828055117e-02
7.350187452400325228e-02
7.538021378078826884e-02
6.951041020144227423e-02
5.327393426836588008e-02
2.529769998717629198e-02
-1.440686942147796634e-02
-6.447021387425254380e-02
-1.223472370143113830e-01
-1.846275990914669762e-01
-2.474301867475079408e-01
-3.068296005687518591e-01
-3.592612546173044041e-01
-4.018577770854726561e-01
-4.326816559797206363e-01
6.761166862736578409e-01
6.865193818141465121e-01
6.790326228622167726e-01
6.544546842854650492e-01
6.149248875243805701e-01
5.637563791375339584e-01
5.051254717278852446e-01
4.436497343149490291e-01
3.839036971643992047e-01
3.299311171674744747e-01
2.848146077844476709e-01
2.503567749742773296e-01
2.269128448950847587e-01
2.133952409315410803e-01
2.074484899409436423e-01
2.057712765247110276e-01
2.045442835072297239e-01
1.999099509014949649e-01
1.884449233715551342e-01
1.675682463567132185e-01
1.358378421338737041e-01
9.310308017743512687e-02
4.050025931079992425e-02
-1.970201651595350489e-02
-8.438196491960003875e-02
-1.499280569978218569e-01
-2.126379038729866999e-01
-2.691020719648372084e-01
-3.165275904446449573e-01
-3.529670931026558378e-01
7.797150001791273155e-01
8.023295300378433526e-01
8.064133178177292915e-01
7.923338087616661474e-01
7.618228974908992646e-01
7.178400644499330907e-01
6.642903489644582660e-01
6.056265476178988028e-01
5.463819297942995590e-01
4.906903486143514570e-01
4.418532309933068669e-01
4.020071954478796616e-01
3.719329166339204740e-01
3.510273574998338253e-01
3.374403456761893016e-01
3.283556459946768147e-01
3.203789481660695992e-01
3.099827687538661003e-01
2.939525846348685079e-01
2.697800760552396815e-01
2.359577346059071601e-01
1.921430134742133367e-01
1.391777184986918992e-01
7.896708155027154508e-02
1.424041290924421554e-02
-5.177091392613275556e-02
-1.156939186841039469e-01
-1.743665866777706075e-01
-2.251405387832903782e-01
-2.661015567485520705e-01
8.543306378165872461e-01
8.875409513756995494e-01
9.019961521802293269e-01
8.976527740678614808e-01
8.758254940914715903e-01
8.390824202908456764e-01
7.909967574197200868e-01
7.357808573889464965e-01
6.778453971802335110e-01
6.213372650756203708e-01
5.697130142093840277e-01
5.254000485999588133e-01
4.895858854554294703e-01
4.621587751396102339e-01
4.418032165968791558e-01
4.262342792804562075e-01
4.125377504005343088e-01
3.975710660580075162e-01
3.783741053356585171e-01
3.525397175197516608e-01
3.185009427367138102e-01
2.757041307489117576e-01
2.246528065966601206e-01
1.668240336705835436e-01
1.044749258048166263e-01
4.036977770219493666e-02
-2.253360234127101125e-02
-8.139728224611145202e-02
-1.337784539257586003e-01
-1.778368106503461776e-01
8.951147980195726106e-01
9.366162912963928999e-01
9.595697984930995350e-01
9.635675628104232171e-01
9.495243653303935272e-01
9.196046682293630425e-01
8.770108442369646262e-01
8.256547533425230290e-01
7.697511151141801511e-01
7.133819448540280606e-01
6.600851540017665942e-01
6.125168086999674966e-01
5.722262246238940531e-01
5.395677617241451118e-01
5.137552158723400764e-01
4.930466593875539871e-01
4.750318690744221861e-01
4.569830300574477810e-01
4.362234616187419256e-01
4.104691419780621686e-01
3.781035023957015628e-01
3.383563203554805776e-01
2.913710350283726935e-01
2.381595689010981565e-01
1.804578000966534368e-01
1.205063736453888257e-01
6.078914191412931878e-02
3.764350751934958383e-03
-4.837838335504655862e-02
-9.390862571866598341e-02
9.002369806173535771e-01
9.472926382271071866e-01
9.764240658694096631e-01
9.869264409590932097e-01
9.793548596528476313e-01
9.554811425333380459e-01
9.181192940606048847e-01
8.708379969836166357e-01
8.175938168596835753e-01
7.623293268994183469e-01
7.085845980622001994e-01
6.591679593673785975e-01
6.159232266203646944e-01
5.796172339461492795e-01
5.499555772432243028e-01
5.257182993782992808e-01
5.049929761741615009e-01
4.854720333258490950e-01
4.647752583435593721e-01
4.407577990959807845e-01
4.117682155162941671e-01
3.768295363669423859e-01
3.357274778579443231e-01
2.890024348441806445e-01
2.378539049228638180e-01
1.839761203393122935e-01
1.293506291457948987e-01
7.602464988920781819e-02
2.590306277372059207e-02
-1.942267683314372051e-02
8.709891160126741472e-01
9.207200550256919858e-01
9.535245843610657968e-01
9.684806818993749733e-01
9.658405304997108587e-01
9.470132722943875869e-01
9.144263614134391371e-01
8.712800991306233200e-01
8.212240496801451739e-01
7.679940412440725561e-01
7.150529234576102899e-01
6.652766991514988959e-01
6.207205608719147394e-01
5.824880377162487965e-01
5.507127175530687202e-01
5.246478687349682701e-01
5.028466342117765553e-01
4.834058249377736205e-01
4.642406822275612077e-01
4.433567004388744293e-01
4.190875189606145801e-01
3.902743306299045756e-01
3.563711664864179784e-01
3.174705339998226128e-01
2.742538719268110547e-01
2.278798990767781085e-01
1.798301797300715654e-01
1.317344735867932159e-01
8.519849157390224637e-02
4.165380338607813093e-02
8.114736009311537268e-01
8.611414554536716004e-01
8.951893007889202281e-01
9.125618138530795509e-01
9.132742169160172896e-01
8.984162418911447734e-01
8.700464090813058160e-01
8.309876738461519086e-01
7.845482168853969984e-01
7.342004260492049905e-01
6.832556425883191675e-01
6.345715506875232448e-01
5.903235487071328835e-01
5.518621339984829399e-01
5.196668024542453468e-01
4.933949218999806874e-01
4.720130934749835472e-01
4.539899571649942400e-01
4.375240672979262557e-01
4.207787066325769931e-01
4.020971989531877400e-01
3.801768998655707943e-01
3.541867833890338657e-01
3.238214160848790213e-01
2.892920897960287174e-01
2.512630062586078683e-01
2.107458843689279104e-01
1.689696663338441096e-01
1.272429191532628845e-01
8.682517765409167310e-02
