  -9.6864889e-01
  -9.7231321e-01
  -9.7970267e-01
  -9.7752829e-01
  -9.8316961e-01
  -1.0158229e+00
  -1.0402796e+00
  -1.0711558e+00
  -1.0771185e+00
  -1.0978333e+00
  -1.0802677e+00
  -1.0251601e+00
  -9.3464421e-01
  -8.3105432e-01
  -7.5689085e-01
  -6.6478199e-01
  -6.1108923e-01
  -5.7564812e-01
  -5.9051366e-01
  -6.4363376e-01
  -7.3027068e-01
  -8.3383744e-01
  -9.3512847e-01
  -1.0181753e+00
  -1.0915367e+00
  -1.1494717e+00
  -1.1671274e+00
  -1.1627533e+00
  -1.1222553e+00
  -1.1165033e+00
  -1.1250617e+00
  -1.1512199e+00
  -1.1828201e+00
  -1.2042321e+00
  -1.2303460e+00
  -1.2794866e+00
  -1.3118132e+00
  -1.3371978e+00
  -1.3209889e+00
  -1.3056545e+00
  -1.2470223e+00
  -1.1465443e+00
  -1.0063343e+00
  -8.4643522e-01
  -7.0505299e-01
  -5.5461261e-01
  -4.4161624e-01
  -3.5195734e-01
  -3.0950197e-01
  -3.2034125e-01
  -3.6699969e-01
  -4.4566552e-01
  -5.3473689e-01
  -6.2843028e-01
  -7.3317457e-01
  -8.5417932e-01
  -9.5094444e-01
  -1.0414995e+00
  -1.1149336e+00
  -1.2215346e+00
  -9.4770279e-01
  -1.0040860e+00
  -1.0664394e+00
  -1.1108828e+00
  -1.1582577e+00
  -1.2118098e+00
  -1.2383713e+00
  -1.2485458e+00
  -1.2065728e+00
  -1.1572371e+00
  -1.0640303e+00
  -9.3511866e-01
  -7.8028310e-01
  -6.1367772e-01
  -4.6187285e-01
  -3.0537532e-01
  -1.7885223e-01
  -7.4964766e-02
  -7.7046600e-03
   1.5981305e-02
   1.5820654e-02
  -1.7290326e-02
  -6.6653243e-02
  -1.3868518e-01
  -2.3861128e-01
  -3.7966572e-01
  -5.1558544e-01
  -6.6913695e-01
  -8.3900105e-01
  -1.0413156e+00
  -5.7233946e-01
  -6.3456063e-01
  -6.9868328e-01
  -7.3544104e-01
  -7.7573797e-01
  -8.0322995e-01
  -8.0352770e-01
  -7.8906355e-01
  -7.3224100e-01
  -6.6963580e-01
  -5.7387411e-01
  -4.5628951e-01
  -3.2909816e-01
  -2.1252509e-01
  -1.1243516e-01
  -1.0588751e-02
   7.4033749e-02
   1.4200610e-01
   1.8341398e-01
   2.0701684e-01
   2.2314378e-01
   2.2400185e-01
   2.1194926e-01
   1.7501124e-01
   1.1184863e-01
   6.9871421e-03
  -1.0397900e-01
  -2.4386106e-01
  -4.2765662e-01
  -6.4138720e-01
  -2.0047549e-01
  -2.3380714e-01
  -2.5737898e-01
  -2.4553045e-01
  -2.3669255e-01
  -2.0377810e-01
  -1.5924345e-01
  -1.0963651e-01
  -4.7704539e-02
   9.0718905e-03
   7.3969283e-02
   1.3954553e-01
   2.0285021e-01
   2.3120263e-01
   2.3931031e-01
   2.4349397e-01
   2.4432668e-01
   2.4090391e-01
   2.2498876e-01
   2.1659537e-01
   2.2041216e-01
   2.4055656e-01
   2.6277962e-01
   2.7530391e-01
   2.7659801e-01
   2.5448236e-01
   2.2503202e-01
   1.6789272e-01
   5.0877931e-02
  -9.7276020e-02
  -1.1587703e-01
  -1.1330027e-01
  -8.3497167e-02
  -7.6118080e-03
   7.3546932e-02
   1.8429560e-01
   2.8248469e-01
   3.7479340e-01
   4.4516063e-01
   4.9226611e-01
   5.1243987e-01
   5.0660255e-01
   4.8825717e-01
   4.1971992e-01
   3.2856749e-01
   2.2907565e-01
   1.4211653e-01
   7.1102178e-02
   1.3590849e-02
  -1.6591093e-02
  -1.2054809e-02
   3.9467158e-02
   1.1685965e-01
   2.0443958e-01
   2.9215106e-01
   3.7378427e-01
   4.4985346e-01
   4.9713431e-01
   4.7845770e-01
   4.2337953e-01
  -2.3485030e-01
  -2.6141736e-01
  -2.4446099e-01
  -1.6603226e-01
  -6.0210742e-02
   8.7357564e-02
   2.1687043e-01
   3.4374588e-01
   4.3691444e-01
   4.9704492e-01
   5.0401327e-01
   4.6588571e-01
   4.0235936e-01
   2.8055987e-01
   1.3203983e-01
  -2.9738211e-02
  -1.6978313e-01
  -2.8089133e-01
  -3.5002608e-01
  -3.8122795e-01
  -3.5877241e-01
  -2.7211935e-01
  -1.3837598e-01
   2.4282563e-02
   1.9026417e-01
   3.5914534e-01
   5.3007918e-01
   6.6613077e-01
   7.3994844e-01
   7.7766177e-01
  -2.5682321e-01
  -3.7074379e-01
  -4.3801691e-01
  -4.3273865e-01
  -3.7289162e-01
  -2.5443375e-01
  -1.3354891e-01
   2.5228340e-04
   1.1503611e-01
   2.0464529e-01
   2.3426345e-01
   2.1514854e-01
   1.6008827e-01
   4.7078275e-02
  -9.7313252e-02
  -2.6325618e-01
  -4.0977045e-01
  -5.3190475e-01
  -5.9925541e-01
  -6.2893461e-01
  -6.0075408e-01
  -5.0858957e-01
  -3.6480737e-01
  -1.8000112e-01
   8.1594622e-03
   2.0156558e-01
   4.1097184e-01
   5.8360584e-01
   7.1041812e-01
   8.1359052e-01
  -2.0431251e-01
  -3.7085480e-01
  -4.9786787e-01
  -5.5444222e-01
  -5.3913490e-01
  -4.5665316e-01
  -3.4019131e-01
  -1.9642233e-01
  -5.2306100e-02
   7.9283653e-02
   1.5549926e-01
   1.8520137e-01
   1.6975986e-01
   9.7456715e-02
  -1.4250427e-02
  -1.6161535e-01
  -3.0784985e-01
  -4.4754420e-01
  -5.4107635e-01
  -6.0147478e-01
  -6.1716017e-01
  -5.7360122e-01
  -4.8739422e-01
  -3.4960511e-01
  -2.0794956e-01
  -5.2762168e-02
   1.3241297e-01
   2.9338262e-01
   4.3492758e-01
   5.7218456e-01
  -2.3372986e-01
  -3.6421097e-01
  -4.6405053e-01
  -5.0224877e-01
  -4.7067355e-01
  -3.8264611e-01
  -2.3802452e-01
  -7.0213549e-02
   9.9339862e-02
   2.5421068e-01
   3.5641956e-01
   4.0510663e-01
   4.0455862e-01
   3.3971272e-01
   2.3675331e-01
   8.4289814e-02
  -8.7911419e-02
  -2.6752696e-01
  -4.1479810e-01
  -5.2750770e-01
  -6.1683315e-01
  -6.5056558e-01
  -6.4496521e-01
  -5.8143695e-01
  -5.1361884e-01
  -4.1539123e-01
  -2.8080541e-01
  -1.4667729e-01
  -9.4721371e-04
   1.5513904e-01
  -9.2802920e-01
  -9.4461445e-01
  -9.5297444e-01
  -9.4778674e-01
  -9.5217740e-01
  -9.8696333e-01
  -1.0141355e+00
  -1.0407666e+00
  -1.0570978e+00
  -1.0865430e+00
  -1.0826002e+00
  -1.0437320e+00
  -9.6403664e-01
  -8.7899827e-01
  -8.0238782e-01
  -7.0600412e-01
  -6.3850356e-01
  -5.7921286e-01
  -5.5505052e-01
  -5.7008492e-01
  -6.1190263e-01
  -6.6918166e-01
  -7.2262854e-01
  -7.6451668e-01
  -8.0377602e-01
  -8.3704696e-01
  -8.4632299e-01
  -8.5325963e-01
  -8.3767436e-01
  -8.6491723e-01
  -1.0482214e+00
  -1.0471403e+00
  -1.0464196e+00
  -1.0393454e+00
  -1.0441328e+00
  -1.0816062e+00
  -1.1103217e+00
  -1.1346269e+00
  -1.1380028e+00
  -1.1477600e+00
  -1.1219020e+00
  -1.0607800e+00
  -9.5837236e-01
  -8.4206897e-01
  -7.2911043e-01
  -6.0725844e-01
  -5.0803505e-01
  -4.2298744e-01
  -3.6777411e-01
  -3.6190503e-01
  -3.8569594e-01
  -4.3219754e-01
  -4.8694218e-01
  -5.4905047e-01
  -6.2707281e-01
  -7.2528483e-01
  -8.1153407e-01
  -9.0946828e-01
  -1.0052410e+00
  -1.1406222e+00
  -8.8729942e-01
  -8.8587605e-01
  -8.9414511e-01
  -8.9259888e-01
  -9.0352826e-01
  -9.3374623e-01
  -9.5078759e-01
  -9.6051822e-01
  -9.4184123e-01
  -9.2636309e-01
  -8.7591958e-01
  -8.0113755e-01
  -7.0105078e-01
  -5.9301763e-01
  -4.8831690e-01
  -3.8061982e-01
  -2.8346830e-01
  -2.0044964e-01
  -1.3432841e-01
  -1.0312247e-01
  -9.0367327e-02
  -9.4011909e-02
  -1.1339953e-01
  -1.5631082e-01
  -2.3126458e-01
  -3.4915361e-01
  -4.7255874e-01
  -6.2901410e-01
  -8.2077728e-01
  -1.0539970e+00
  -5.5928356e-01
  -5.5154372e-01
  -5.5553124e-01
  -5.4098647e-01
  -5.3728481e-01
  -5.3360805e-01
  -5.1742259e-01
  -4.9977518e-01
  -4.6082192e-01
  -4.2891700e-01
  -3.6983828e-01
  -3.0420555e-01
  -2.2932231e-01
  -1.6864039e-01
  -1.1590347e-01
  -6.2931934e-02
  -8.7684611e-03
   3.5293003e-02
   7.1400902e-02
   9.8553226e-02
   1.1962941e-01
   1.4348266e-01
   1.5273679e-01
   1.3808745e-01
   9.2883108e-02
   5.9009065e-03
  -9.5202194e-02
  -2.3455899e-01
  -4.3597048e-01
  -6.7854137e-01
  -1.9320567e-01
  -1.6017355e-01
  -1.2877969e-01
  -6.9667900e-02
  -1.6140090e-02
   5.1007666e-02
   1.1889097e-01
   1.7497794e-01
   2.2835482e-01
   2.6369834e-01
   3.0622953e-01
   3.3299047e-01
   3.6009987e-01
   3.4727690e-01
   3.1957397e-01
   2.8850140e-01
   2.6657051e-01
   2.4281924e-01
   2.1881473e-01
   2.0615253e-01
   1.9891324e-01
   2.2030425e-01
   2.3934123e-01
   2.5023516e-01
   2.4581706e-01
   2.2014587e-01
   1.8592219e-01
   1.2359906e-01
  -7.1942477e-03
  -1.7511649e-01
  -3.4973011e-02
   1.6365326e-02
   8.2982370e-02
   1.8840890e-01
   2.9991056e-01
   4.3280175e-01
   5.4765811e-01
   6.3915492e-01
   7.0056512e-01
   7.2964200e-01
   7.3638724e-01
   7.0467800e-01
   6.6889103e-01
   5.7872078e-01
   4.6974205e-01
   3.5570745e-01
   2.6030878e-01
   1.7806019e-01
   1.1221295e-01
   6.9378235e-02
   4.4480843e-02
   6.9868084e-02
   1.1318585e-01
   1.6494257e-01
   2.1472912e-01
   2.6286279e-01
   3.1413146e-01
   3.4537993e-01
   3.1601192e-01
   2.5708916e-01
  -7.9686567e-02
  -8.1404971e-02
  -5.2701721e-02
   3.1230732e-02
   1.4411147e-01
   2.9225007e-01
   4.2120685e-01
   5.3229552e-01
   6.0772573e-01
   6.4702563e-01
   6.4256221e-01
   5.8709360e-01
   5.1998554e-01
   3.9519562e-01
   2.4906000e-01
   9.3963234e-02
  -3.6540121e-02
  -1.4464955e-01
  -2.1496237e-01
  -2.5875471e-01
  -2.7251504e-01
  -2.2665822e-01
  -1.4409345e-01
  -4.0026654e-02
   6.7999526e-02
   1.8501445e-01
   3.1995821e-01
   4.3593291e-01
   5.0518399e-01
   5.5654085e-01
  -8.7239246e-02
  -1.9813140e-01
  -2.7623675e-01
  -2.8569840e-01
  -2.4043635e-01
  -1.4087387e-01
  -3.6048700e-02
   7.0081210e-02
   1.6052937e-01
   2.2739539e-01
   2.4747593e-01
   2.1962225e-01
   1.6987478e-01
   6.9402549e-02
  -5.4443066e-02
  -1.9686296e-01
  -3.1718171e-01
  -4.2003635e-01
  -4.7538496e-01
  -5.0860601e-01
  -5.0717293e-01
  -4.5078231e-01
  -3.5492727e-01
  -2.2805846e-01
  -9.6428234e-02
   4.7304567e-02
   2.2283918e-01
   3.8063734e-01
   5.1017476e-01
   6.3554898e-01
  -3.3572708e-02
  -2.0232652e-01
  -3.4507606e-01
  -4.1957439e-01
  -4.2397780e-01
  -3.6457313e-01
  -2.6660201e-01
  -1.5137690e-01
  -3.1169568e-02
   7.8032308e-02
   1.4599735e-01
   1.7191346e-01
   1.6070459e-01
   1.0373014e-01
   1.6313691e-02
  -1.0629572e-01
  -2.2360350e-01
  -3.3971379e-01
  -4.1775603e-01
  -4.7885282e-01
  -5.1140072e-01
  -4.9556992e-01
  -4.4965485e-01
  -3.5908060e-01
  -2.6544149e-01
  -1.5080437e-01
   4.1336385e-03
   1.5294539e-01
   2.9630465e-01
   4.4797639e-01
  -1.5169589e-02
  -1.3800219e-01
  -2.4073574e-01
  -2.8587543e-01
  -2.6277528e-01
  -1.8755227e-01
  -5.3064554e-02
   9.3620395e-02
   2.4301499e-01
   3.7367485e-01
   4.6256907e-01
   5.0117917e-01
   4.9009073e-01
   4.2482183e-01
   3.2913697e-01
   1.8293369e-01
   2.4779018e-02
  -1.4379111e-01
  -2.8689138e-01
  -4.0729823e-01
  -5.1002125e-01
  -5.6740459e-01
  -5.9588598e-01
  -5.6817577e-01
  -5.4195385e-01
  -4.7810101e-01
  -3.7527698e-01
  -2.5896809e-01
  -1.2307762e-01
   2.7243247e-02
  -7.7288208e-01
  -7.4571897e-01
  -7.0765630e-01
  -6.5378020e-01
  -6.1733710e-01
  -6.0913615e-01
  -6.0131579e-01
  -5.9371310e-01
  -5.9411685e-01
  -6.1790196e-01
  -6.2736724e-01
  -6.1228777e-01
  -5.6656744e-01
  -5.2855053e-01
  -4.8154219e-01
  -4.1971774e-01
  -3.7422780e-01
  -3.2185912e-01
  -2.9290461e-01
  -2.9426719e-01
  -3.0896654e-01
  -3.3500540e-01
  -3.4451840e-01
  -3.4432233e-01
  -3.3948719e-01
  -3.3025876e-01
  -3.1078001e-01
  -3.0265019e-01
  -2.8821263e-01
  -3.3170276e-01
  -7.5064962e-01
  -7.0762100e-01
  -6.6912724e-01
  -6.2991204e-01
  -6.0968157e-01
  -6.2791102e-01
  -6.4547052e-01
  -6.6104192e-01
  -6.7578884e-01
  -7.0407678e-01
  -7.0900642e-01
  -6.8680418e-01
  -6.2951554e-01
  -5.6572482e-01
  -4.9110606e-01
  -4.0867406e-01
  -3.3568534e-01
  -2.6204740e-01
  -2.0657639e-01
  -1.9094999e-01
  -1.8984449e-01
  -2.0440405e-01
  -2.1651121e-01
  -2.3516648e-01
  -2.6482566e-01
  -3.1586824e-01
  -3.6462073e-01
  -4.4255772e-01
  -5.3727629e-01
  -6.8671725e-01
  -6.1055515e-01
  -5.6896788e-01
  -5.4832936e-01
  -5.2688229e-01
  -5.1885097e-01
  -5.4059268e-01
  -5.5628249e-01
  -5.6901451e-01
  -5.7040969e-01
  -5.7692710e-01
  -5.5497673e-01
  -5.1441040e-01
  -4.5117451e-01
  -3.8324745e-01
  -3.0960009e-01
  -2.3260133e-01
  -1.5686920e-01
  -8.3946917e-02
  -1.9982853e-02
   1.9469114e-02
   4.9377552e-02
   7.3402276e-02
   8.7323399e-02
   7.9638235e-02
   4.6161951e-02
  -2.8931918e-02
  -1.1650692e-01
  -2.5311308e-01
  -4.4209606e-01
  -6.8733756e-01
  -3.7270407e-01
  -3.2574252e-01
  -3.0787908e-01
  -2.7894439e-01
  -2.5662448e-01
  -2.4560349e-01
  -2.2890037e-01
  -2.1723421e-01
  -1.9440739e-01
  -1.7666445e-01
  -1.3239680e-01
  -8.4709789e-02
  -2.7738205e-02
   1.5314604e-02
   5.6252751e-02
   9.8295921e-02
   1.4396793e-01
   1.8574961e-01
   2.2204896e-01
   2.5864122e-01
   2.8616882e-01
   3.2793065e-01
   3.5545218e-01
   3.6089050e-01
   3.4169626e-01
   2.8562789e-01
   2.1145909e-01
   9.0004323e-02
  -1.0492616e-01
  -3.5490737e-01
  -1.8883803e-02
   4.9961755e-02
   9.6405753e-02
   1.6576410e-01
   2.3396417e-01
   3.0706375e-01
   3.7425470e-01
   4.2111236e-01
   4.6326787e-01
   4.9102932e-01
   5.3133006e-01
   5.5573235e-01
   5.8316849e-01
   5.7253996e-01
   5.5214126e-01
   5.2942639e-01
   5.1102015e-01
   4.9061271e-01
   4.6710878e-01
   4.5818124e-01
   4.4006027e-01
   4.5920304e-01
   4.7332979e-01
   4.7849653e-01
   4.7435508e-01
   4.5777349e-01
   4.3373100e-01
   3.8051289e-01
   2.5518895e-01
   8.3502874e-02
   2.1405383e-01
   2.8816948e-01
   3.5696594e-01
   4.6088299e-01
   5.7353079e-01
   7.0256635e-01
   8.1060135e-01
   8.8670284e-01
   9.3767234e-01
   9.6249397e-01
   9.7577013e-01
   9.5427476e-01
   9.3579190e-01
   8.6358478e-01
   7.7825141e-01
   6.8984424e-01
   6.0995931e-01
   5.3713643e-01
   4.7382029e-01
   4.2712044e-01
   3.7689510e-01
   3.7989667e-01
   3.9570739e-01
   4.1230981e-01
   4.3343585e-01
   4.6351817e-01
   5.0272471e-01
   5.2436188e-01
   4.8924448e-01
   4.2397134e-01
   2.3281400e-01
   2.4316235e-01
   2.6680509e-01
   3.4130533e-01
   4.4498477e-01
   5.7988212e-01
   6.9708553e-01
   7.8657161e-01
   8.4722026e-01
   8.7905468e-01
   8.7884177e-01
   8.3315835e-01
   7.8646034e-01
   6.8162329e-01
   5.6246855e-01
   4.3860926e-01
   3.2808738e-01
   2.3428691e-01
   1.7093998e-01
   1.2084724e-01
   7.9905866e-02
   9.5541783e-02
   1.4102627e-01
   1.9115580e-01
   2.5166084e-01
   3.3041570e-01
   4.3256557e-01
   5.1802470e-01
   5.6484901e-01
   6.0048052e-01
   1.9618329e-01
   9.5672313e-02
   1.5926504e-02
  -1.0203685e-03
   3.3579897e-02
   1.1561067e-01
   2.0671653e-01
   2.8566702e-01
   3.5220714e-01
   3.9915922e-01
   4.0761367e-01
   3.7284073e-01
   3.2640697e-01
   2.3113031e-01
   1.2106907e-01
   1.7731465e-03
  -1.0210274e-01
  -1.8548000e-01
  -2.2390978e-01
  -2.5333503e-01
  -2.6194798e-01
  -2.2153371e-01
  -1.4982248e-01
  -6.8855697e-02
   2.1438862e-02
   1.2921302e-01
   2.6687403e-01
   3.8845481e-01
   4.8923665e-01
   5.9139235e-01
   1.5166958e-01
  -2.4268721e-03
  -1.3890806e-01
  -2.1402278e-01
  -2.2602661e-01
  -1.8529102e-01
  -1.0300341e-01
  -2.1427228e-02
   6.2467253e-02
   1.3166058e-01
   1.6328173e-01
   1.5452867e-01
   1.1503300e-01
   3.7174881e-02
  -6.1185251e-02
  -1.7758678e-01
  -2.8483720e-01
  -3.7601231e-01
  -4.2236719e-01
  -4.5838177e-01
  -4.6890979e-01
  -4.3663773e-01
  -3.8271836e-01
  -3.0347844e-01
  -2.2181716e-01
  -1.1853538e-01
   1.2562278e-02
   1.3791421e-01
   2.6017823e-01
   3.8738241e-01
   7.1715515e-02
  -3.2649269e-02
  -1.2357875e-01
  -1.6412191e-01
  -1.4391802e-01
  -8.4735092e-02
   3.4731868e-02
   1.4616297e-01
   2.5328863e-01
   3.2950943e-01
   3.6377606e-01
   3.4679294e-01
   2.8168850e-01
   1.7434532e-01
   4.5627435e-02
  -1.0892406e-01
  -2.5986842e-01
  -3.9972807e-01
  -4.9932367e-01
  -5.7468007e-01
  -6.2532223e-01
  -6.3432031e-01
  -6.2361299e-01
  -5.7002868e-01
  -5.2622907e-01
  -4.4774253e-01
  -3.5065144e-01
  -2.4274354e-01
  -1.2078145e-01
   3.3484051e-03
  -5.4268187e-01
  -5.1711912e-01
  -4.8122888e-01
  -4.3621825e-01
  -4.0802832e-01
  -4.1386213e-01
  -4.1773825e-01
  -4.2455556e-01
  -4.4564039e-01
  -4.8401636e-01
  -5.1942901e-01
  -5.3305648e-01
  -5.1824062e-01
  -5.1388668e-01
  -4.8696274e-01
  -4.4149002e-01
  -3.9901189e-01
  -3.3493533e-01
  -2.8072919e-01
  -2.4422988e-01
  -2.0334687e-01
  -1.7290057e-01
  -1.1726208e-01
  -6.5144550e-02
  -2.4937549e-02
   8.6816597e-03
   2.7030411e-02
   2.4029262e-02
   6.6993774e-03
  -7.1352361e-02
  -4.4307474e-01
  -3.8155809e-01
  -3.2525665e-01
  -2.7596429e-01
  -2.4788863e-01
  -2.7172272e-01
  -2.9448014e-01
  -3.2284452e-01
  -3.6413365e-01
  -4.2165900e-01
  -4.7100983e-01
  -5.0041675e-01
  -5.0421898e-01
  -5.0317747e-01
  -4.8572201e-01
  -4.5784531e-01
  -4.2151313e-01
  -3.6633679e-01
  -3.1343453e-01
  -2.8338245e-01
  -2.4033412e-01
  -2.0396898e-01
  -1.5105757e-01
  -1.1031176e-01
  -8.8904224e-02
  -9.2858930e-02
  -1.1931746e-01
  -1.8544483e-01
  -2.8886419e-01
  -4.5415469e-01
  -3.5688427e-01
  -2.7651496e-01
  -2.1632480e-01
  -1.6029410e-01
  -1.1863735e-01
  -1.2568374e-01
  -1.2832322e-01
  -1.3782093e-01
  -1.5547530e-01
  -1.8736206e-01
  -2.0897295e-01
  -2.2329514e-01
  -2.2734650e-01
  -2.2801913e-01
  -2.2368866e-01
  -2.1687015e-01
  -1.9495061e-01
  -1.6013178e-01
  -1.2049253e-01
  -8.9677420e-02
  -4.1280251e-02
   1.4980978e-02
   7.4110884e-02
   1.1144071e-01
   1.2289769e-01
   9.6110795e-02
   3.9134009e-02
  -7.3563717e-02
  -2.5298520e-01
  -4.9540022e-01
  -2.2306852e-01
  -1.3076936e-01
  -6.7032399e-02
   5.2203180e-03
   7.2532807e-02
   1.0704340e-01
   1.4425298e-01
   1.6816209e-01
   1.8382838e-01
   1.8385368e-01
   1.9596224e-01
   2.0044748e-01
   2.0488106e-01
   1.9808396e-01
   1.8893556e-01
   1.8045140e-01
   1.8615528e-01
   1.9872421e-01
   2.1482946e-01
   2.4097385e-01
   2.7455667e-01
   3.3490391e-01
   3.8658633e-01
   4.1623758e-01
   4.2419848e-01
   4.0210611e-01
   3.5351619e-01
   2.5425445e-01
   7.4969938e-02
  -1.6322572e-01
   6.2530371e-02
   1.7026879e-01
   2.5182552e-01
   3.5302580e-01
   4.5514970e-01
   5.3992428e-01
   6.1533878e-01
   6.6361436e-01
   6.9403531e-01
   7.0188642e-01
   7.1668442e-01
   7.1003081e-01
   7.0374853e-01
   6.6968456e-01
   6.3203106e-01
   5.9723575e-01
   5.7282771e-01
   5.5316370e-01
   5.3466822e-01
   5.3277048e-01
   5.2412449e-01
   5.5780408e-01
   5.8187150e-01
   5.9305459e-01
   5.9575401e-01
   5.9130003e-01
   5.7934523e-01
   5.3710710e-01
   4.2361246e-01
   2.6511935e-01
   2.7364407e-01
   3.7274622e-01
   4.5746079e-01
   5.7103609e-01
   6.9458691e-01
   8.1293927e-01
   9.0762247e-01
   9.6339146e-01
   9.8984630e-01
   9.8778004e-01
   9.7703170e-01
   9.3516981e-01
   9.0111543e-01
   8.3149890e-01
   7.6143533e-01
   7.0046444e-01
   6.5179507e-01
   6.1341846e-01
   5.8366055e-01
   5.6234162e-01
   5.2705508e-01
   5.3911342e-01
   5.4879868e-01
   5.4868892e-01
   5.5051083e-01
   5.6389632e-01
   5.9378308e-01
   6.0878740e-01
   5.7524230e-01
   5.2274680e-01
   2.9138130e-01
   3.2325027e-01
   3.5768432e-01
   4.3494948e-01
   5.4069099e-01
   6.5731689e-01
   7.5288344e-01
   8.1072002e-01
   8.4040065e-01
   8.4229765e-01
   8.1800088e-01
   7.5670813e-01
   7.0349974e-01
   6.1402911e-01
   5.2484769e-01
   4.4602995e-01
   3.8207336e-01
   3.3630070e-01
   3.1528644e-01
   2.9021179e-01
   2.5545061e-01
   2.6321088e-01
   2.7985590e-01
   2.8301368e-01
   2.9347136e-01
   3.2396884e-01
   3.8903982e-01
   4.4510650e-01
   4.7602339e-01
   5.1870475e-01
   2.7360030e-01
   2.0202229e-01
   1.4403085e-01
   1.4024751e-01
   1.8396785e-01
   2.5668537e-01
   3.3335100e-01
   3.8454990e-01
   4.2286107e-01
   4.4009197e-01
   4.2392396e-01
   3.7008408e-01
   3.1188177e-01
   2.2506693e-01
   1.3512233e-01
   4.9197405e-02
  -2.2105191e-02
  -6.9378985e-02
  -7.9517243e-02
  -1.0047324e-01
  -1.1930723e-01
  -1.0364082e-01
  -7.4940018e-02
  -5.8444674e-02
  -3.3698549e-02
   1.1226688e-02
   9.4501030e-02
   1.7154024e-01
   2.4122298e-01
   3.3924815e-01
   2.8593670e-01
   1.6659673e-01
   6.1523772e-02
   1.0112426e-02
   1.3440604e-02
   5.4399350e-02
   1.3039961e-01
   1.9115318e-01
   2.5034042e-01
   2.8708725e-01
   2.9125602e-01
   2.5403313e-01
   1.8780462e-01
   9.8382195e-02
  -3.2363163e-03
  -1.1341973e-01
  -2.1375843e-01
  -2.8954291e-01
  -3.2542318e-01
  -3.6512037e-01
  -3.8875904e-01
  -3.7907820e-01
  -3.5853771e-01
  -3.3192277e-01
  -3.0351003e-01
  -2.5164961e-01
  -1.7397813e-01
  -9.6324605e-02
  -1.5959542e-02
   8.7686772e-02
   2.8821987e-01
   2.1840063e-01
   1.5858910e-01
   1.4055042e-01
   1.7250070e-01
   2.3162192e-01
   3.4339814e-01
   4.3415465e-01
   5.1510961e-01
   5.5245338e-01
   5.5504019e-01
   5.0294274e-01
   3.9896373e-01
   2.6518722e-01
   1.1581707e-01
  -5.2326615e-02
  -2.0929262e-01
  -3.4347804e-01
  -4.3684588e-01
  -5.1194644e-01
  -5.5936501e-01
  -5.6926718e-01
  -5.6663399e-01
  -5.3591737e-01
  -5.2002590e-01
  -4.7156833e-01
  -4.2221795e-01
  -3.6440307e-01
  -2.9958505e-01
  -2.3006191e-01
   4.2022730e-02
   1.0679163e-01
   1.6777376e-01
   2.4099543e-01
   2.9008059e-01
   2.9487867e-01
   2.8557442e-01
   2.6647305e-01
   2.1240630e-01
   1.3331331e-01
   3.3743694e-02
  -5.5801600e-02
  -1.3298436e-01
  -2.2583879e-01
  -2.9361582e-01
  -3.4359409e-01
  -3.8342626e-01
  -3.8869329e-01
  -3.8809340e-01
  -3.8014681e-01
  -3.4525114e-01
  -2.9758807e-01
  -2.1163906e-01
  -1.1451492e-01
  -2.2224880e-02
   6.4079848e-02
   1.3392657e-01
   1.7480181e-01
   1.8479752e-01
   1.2848739e-01
   9.4253351e-02
   1.9022827e-01
   2.6753886e-01
   3.4329139e-01
   3.9484528e-01
   3.8306702e-01
   3.6175931e-01
   3.2689322e-01
   2.5734202e-01
   1.6189971e-01
   5.1560910e-02
  -5.2480419e-02
  -1.4908156e-01
  -2.4522317e-01
  -3.2897965e-01
  -4.0431174e-01
  -4.5583294e-01
  -4.7589471e-01
  -4.8172881e-01
  -4.8756186e-01
  -4.5306445e-01
  -4.0130184e-01
  -3.1572875e-01
  -2.2572925e-01
  -1.4469463e-01
  -8.4081312e-02
  -4.3061616e-02
  -5.1448172e-02
  -1.0635976e-01
  -2.2909542e-01
  -4.9234334e-02
   5.7492148e-02
   1.3479772e-01
   2.1529151e-01
   2.8342053e-01
   2.9454433e-01
   3.0517207e-01
   3.0209327e-01
   2.7314027e-01
   2.1988401e-01
   1.5784070e-01
   9.0009929e-02
   1.4753654e-02
  -6.0242440e-02
  -1.3952295e-01
  -2.2257819e-01
  -2.7944235e-01
  -3.1419327e-01
  -3.3094690e-01
  -3.4114978e-01
  -3.0837741e-01
  -2.4388609e-01
  -1.5939683e-01
  -7.8996348e-02
  -1.0902214e-02
   2.7787561e-02
   4.4276847e-02
  -4.0480046e-03
  -1.2016499e-01
  -3.0469047e-01
  -1.1580494e-01
  -6.5581207e-03
   6.8816339e-02
   1.6093057e-01
   2.5220821e-01
   3.0537482e-01
   3.5786810e-01
   3.9225530e-01
   4.0718081e-01
   3.9674273e-01
   3.8722014e-01
   3.5932544e-01
   3.1710298e-01
   2.6465648e-01
   2.0126737e-01
   1.3253353e-01
   8.2532373e-02
   4.5436652e-02
   2.0717234e-02
   1.3975991e-02
   3.2644810e-02
   9.8817154e-02
   1.6961456e-01
   2.3453709e-01
   2.9026647e-01
   3.2559129e-01
   3.4552793e-01
   3.0600158e-01
   1.8810893e-01
   5.4194727e-03
   9.9043976e-02
   2.1396936e-01
   3.0039514e-01
   4.1501408e-01
   5.3440840e-01
   6.3222025e-01
   7.1689972e-01
   7.7072278e-01
   8.0033681e-01
   7.9683174e-01
   7.9784057e-01
   7.6849979e-01
   7.3054370e-01
   6.6977446e-01
   6.0240257e-01
   5.3740820e-01
   4.8386435e-01
   4.3961849e-01
   4.0194486e-01
   3.8404795e-01
   3.6864187e-01
   4.0860508e-01
   4.4576061e-01
   4.8184635e-01
   5.1749956e-01
   5.5353425e-01
   5.9452192e-01
   5.9761713e-01
   5.3143140e-01
   4.1485684e-01
   3.7372214e-01
   4.7607093e-01
   5.6262287e-01
   6.8410739e-01
   8.1785403e-01
   9.4066095e-01
   1.0366333e+00
   1.0888777e+00
   1.1060363e+00
   1.0834685e+00
   1.0571964e+00
   9.9151777e-01
   9.3209700e-01
   8.4228964e-01
   7.5504267e-01
   6.8369212e-01
   6.2572748e-01
   5.8152424e-01
   5.4853561e-01
   5.2392480e-01
   4.8702472e-01
   5.0031510e-01
   5.0912952e-01
   5.1426968e-01
   5.2505808e-01
   5.5111913e-01
   6.0672884e-01
   6.4281741e-01
   6.3536795e-01
   6.0777590e-01
   4.9837447e-01
   5.4635790e-01
   5.9329165e-01
   6.8265512e-01
   7.9748647e-01
   9.1288397e-01
   1.0029859e+00
   1.0447317e+00
   1.0481781e+00
   1.0122286e+00
   9.5811679e-01
   8.5756721e-01
   7.7203828e-01
   6.5452959e-01
   5.4595471e-01
   4.6154875e-01
   3.9646814e-01
   3.5443809e-01
   3.3835017e-01
   3.1758785e-01
   2.8407703e-01
   2.8924957e-01
   2.9308932e-01
   2.8366938e-01
   2.8312421e-01
   3.0185419e-01
   3.6593406e-01
   4.1872129e-01
   4.5526373e-01
   5.0610844e-01
   5.6144443e-01
   5.3324802e-01
   5.1027266e-01
   5.3284818e-01
   5.8987812e-01
   6.5980821e-01
   7.2518720e-01
   7.4607090e-01
   7.3889503e-01
   6.9932459e-01
   6.3224788e-01
   5.1743909e-01
   4.0996430e-01
   2.7975555e-01
   1.5928317e-01
   6.2734636e-02
  -1.0390977e-02
  -4.9667276e-02
  -5.0688799e-02
  -6.0535357e-02
  -7.1513917e-02
  -5.2803340e-02
  -3.5274352e-02
  -3.3684470e-02
  -2.3227101e-02
   1.5699181e-03
   6.8386129e-02
   1.2631040e-01
   1.8488154e-01
   2.7142856e-01
   6.0169415e-01
   5.4572023e-01
   4.9266865e-01
   4.7927923e-01
   4.9731656e-01
   5.3369284e-01
   5.9106888e-01
   6.0872809e-01
   6.0810931e-01
   5.7536540e-01
   5.1160856e-01
   3.9835186e-01
   2.6726435e-01
   1.2206805e-01
  -1.9874914e-02
  -1.4722352e-01
  -2.5265181e-01
  -3.1728540e-01
  -3.4050833e-01
  -3.6310871e-01
  -3.6804789e-01
  -3.4346607e-01
  -3.2172405e-01
  -2.9911255e-01
  -2.7463239e-01
  -2.3742673e-01
  -1.8026144e-01
  -1.2737131e-01
  -6.9914748e-02
   1.6459863e-03
   6.0707134e-01
   5.9713222e-01
   5.8598172e-01
   6.0066341e-01
   6.3812927e-01
   6.8530861e-01
   7.6797632e-01
   8.0858192e-01
   8.2499062e-01
   7.9273374e-01
   7.2578844e-01
   6.0216140e-01
   4.3438031e-01
   2.4805466e-01
   6.0734631e-02
  -1.2356524e-01
  -2.8427882e-01
  -4.0394418e-01
  -4.8177050e-01
  -5.3760120e-01
  -5.5711411e-01
  -5.4259634e-01
  -5.2867212e-01
  -4.9082472e-01
  -4.6843639e-01
  -4.2695158e-01
  -3.9806334e-01
  -3.6633473e-01
  -3.3440566e-01
  -3.1511964e-01
   5.0951154e-01
   5.6088922e-01
   5.9581444e-01
   6.3116402e-01
   6.3177013e-01
   5.8712481e-01
   5.2063540e-01
   4.4525554e-01
   3.3362176e-01
   2.1512410e-01
   6.9945318e-02
  -6.3906599e-02
  -1.8015552e-01
  -3.1569827e-01
  -4.1903630e-01
  -5.0820437e-01
  -5.8138649e-01
  -6.1099769e-01
  -6.2834191e-01
  -6.3157848e-01
  -5.9471996e-01
  -5.3096174e-01
  -4.2339691e-01
  -2.9772147e-01
  -1.6782686e-01
  -3.7685718e-02
   7.0224305e-02
   1.4800759e-01
   1.8604234e-01
   1.5674366e-01
   5.5710429e-01
   6.4525157e-01
   7.0384383e-01
   7.5393375e-01
   7.7199346e-01
   7.2397694e-01
   6.6612476e-01
   5.9118926e-01
   4.8070098e-01
   3.5681740e-01
   2.0979031e-01
   6.4178716e-02
  -6.8900672e-02
  -2.0876886e-01
  -3.3402837e-01
  -4.5608805e-01
  -5.4786303e-01
  -5.9605967e-01
  -6.2555697e-01
  -6.4670885e-01
  -6.1227355e-01
  -5.4555168e-01
  -4.3799386e-01
  -3.1653628e-01
  -1.9399119e-01
  -8.3396007e-02
  -1.6789493e-03
   2.9052772e-02
   8.2879919e-03
  -8.2068374e-02
   3.1491617e-01
   4.2422052e-01
   4.9740614e-01
   5.6951108e-01
   6.2524170e-01
   6.2243804e-01
   6.2294484e-01
   6.0209209e-01
   5.5478497e-01
   4.8958338e-01
   4.0531078e-01
   3.0625441e-01
   2.0706775e-01
   9.9940928e-02
  -1.4643780e-02
  -1.4099004e-01
  -2.3802484e-01
  -3.0298556e-01
  -3.4882148e-01
  -3.8406360e-01
  -3.6499330e-01
  -3.0036830e-01
  -2.0922566e-01
  -1.0931427e-01
  -8.1982111e-03
   7.4187668e-02
   1.2781351e-01
   1.1789069e-01
   4.3300656e-02
  -1.0350441e-01
   1.1413467e-01
   2.3672815e-01
   3.2321886e-01
   4.2181983e-01
   5.1871213e-01
   5.7922401e-01
   6.4077296e-01
   6.7524052e-01
   6.8988707e-01
   6.8060310e-01
   6.6118167e-01
   6.1353632e-01
   5.5935890e-01
   4.8917487e-01
   4.0085286e-01
   2.9878426e-01
   2.1325697e-01
   1.4697322e-01
   9.3053375e-02
   5.5457788e-02
   4.9761197e-02
   1.0355119e-01
   1.6669036e-01
   2.3798249e-01
   3.1613891e-01
   3.8302646e-01
   4.3301660e-01
   4.2623605e-01
   3.4908046e-01
   2.0049997e-01
   1.6324886e-01
   2.9630656e-01
   4.0258246e-01
   5.3189605e-01
   6.6848526e-01
   7.8765608e-01
   8.9182046e-01
   9.5623894e-01
   9.9649362e-01
   1.0007720e+00
   1.0000666e+00
   9.6031522e-01
   9.1694995e-01
   8.4889500e-01
   7.6550569e-01
   6.7948357e-01
   5.9914700e-01
   5.3224004e-01
   4.7337491e-01
   4.3071841e-01
   3.9450471e-01
   4.2334731e-01
   4.5164906e-01
   4.9163641e-01
   5.4586149e-01
   6.0517465e-01
   6.7039619e-01
   6.9933818e-01
   6.6672572e-01
   5.7554797e-01
   2.9186659e-01
   4.1086682e-01
   5.1813310e-01
   6.5581831e-01
   8.1175383e-01
   9.6048977e-01
   1.0800205e+00
   1.1471932e+00
   1.1799277e+00
   1.1665765e+00
   1.1438870e+00
   1.0746258e+00
   1.0126999e+00
   9.2154501e-01
   8.2445897e-01
   7.4295775e-01
   6.6773831e-01
   6.0923813e-01
   5.6423517e-01
   5.2578592e-01
   4.7739956e-01
   4.8727552e-01
   4.9190216e-01
   5.0413124e-01
   5.3176123e-01
   5.7625281e-01
   6.5271564e-01
   7.0819833e-01
   7.2644287e-01
   7.1634221e-01
   3.6060515e-01
   4.2489447e-01
   4.9044323e-01
   5.9391123e-01
   7.2890889e-01
   8.6435885e-01
   9.7201258e-01
   1.0229018e+00
   1.0351899e+00
   1.0011798e+00
   9.4799410e-01
   8.4231192e-01
   7.5229106e-01
   6.3482961e-01
   5.1898053e-01
   4.3065487e-01
   3.5429110e-01
   3.0402107e-01
   2.7970320e-01
   2.5204955e-01
   2.1204928e-01
   2.1882048e-01
   2.2093983e-01
   2.2036395e-01
   2.3308822e-01
   2.6649830e-01
   3.4863996e-01
   4.1456932e-01
   4.7059056e-01
   5.3218635e-01
   4.1910213e-01
   4.1773810e-01
   4.1912268e-01
   4.5926905e-01
   5.3448254e-01
   6.1682398e-01
   6.8885707e-01
   7.0942287e-01
   6.9855436e-01
   6.4930466e-01
   5.7492421e-01
   4.4723648e-01
   3.2905779e-01
   1.9494584e-01
   6.4014900e-02
  -3.8402756e-02
  -1.2501941e-01
  -1.7419948e-01
  -1.8840906e-01
  -2.0698820e-01
  -2.2665454e-01
  -2.0629745e-01
  -1.9023582e-01
  -1.7974535e-01
  -1.5930927e-01
  -1.2084703e-01
  -3.8993700e-02
   2.7778460e-02
   1.0083487e-01
   1.9014079e-01
   4.9507654e-01
   4.7842534e-01
   4.5732818e-01
   4.6724737e-01
   5.0130712e-01
   5.4318056e-01
   5.9486096e-01
   6.0256973e-01
   5.8481421e-01
   5.2945611e-01
   4.4769256e-01
   3.1130237e-01
   1.6049920e-01
   2.5530991e-03
  -1.5713569e-01
  -2.9848432e-01
  -4.2453787e-01
  -5.0550377e-01
  -5.4891912e-01
  -5.8508593e-01
  -6.0010550e-01
  -5.7466155e-01
  -5.5324212e-01
  -5.2114899e-01
  -4.8649566e-01
  -4.3471849e-01
  -3.6640665e-01
  -3.0730607e-01
  -2.4076875e-01
  -1.7698099e-01
   5.8471368e-01
   6.1710738e-01
   6.3697700e-01
   6.7180074e-01
   7.1662396e-01
   7.5838237e-01
   8.2029870e-01
   8.4042419e-01
   8.2690908e-01
   7.6141795e-01
   6.6846576e-01
   5.1759014e-01
   3.2604786e-01
   1.2411066e-01
  -8.2763432e-02
  -2.8442398e-01
  -4.6751434e-01
  -6.0603387e-01
  -7.0598779e-01
  -7.7886318e-01
  -8.0735391e-01
  -7.9319017e-01
  -7.8165697e-01
  -7.3803503e-01
  -7.0799462e-01
  -6.5657949e-01
  -6.2414545e-01
  -5.9151172e-01
  -5.6019911e-01
  -5.6214185e-01
   6.8622665e-01
   7.6513377e-01
   8.1361106e-01
   8.5624327e-01
   8.5266083e-01
   8.0761905e-01
   7.3048980e-01
   6.5056949e-01
   5.3058061e-01
   4.1524367e-01
   2.6292578e-01
   1.3109443e-01
   1.3018909e-02
  -1.1844861e-01
  -2.1562108e-01
  -2.9166436e-01
  -3.5046270e-01
  -3.5432617e-01
  -3.4588305e-01
  -3.0985301e-01
  -2.2806872e-01
  -1.1280124e-01
   4.2602827e-02
   2.0630644e-01
   3.7269160e-01
   5.3317415e-01
   6.5188262e-01
   7.3404241e-01
   7.5625534e-01
   7.0744592e-01
   6.8230000e-01
   7.8630495e-01
   8.5351373e-01
   9.0867852e-01
   9.2615104e-01
   8.8176803e-01
   8.2677425e-01
   7.6022372e-01
   6.5625410e-01
   5.4954086e-01
   4.1064956e-01
   2.7841510e-01
   1.5188232e-01
   2.2345777e-02
  -9.4324998e-02
  -2.0385103e-01
  -2.8627279e-01
  -3.1350053e-01
  -3.2326255e-01
  -3.0939776e-01
  -2.3230201e-01
  -1.1524457e-01
   4.4052697e-02
   2.1514573e-01
   3.9008982e-01
   5.4983553e-01
   6.6025958e-01
   7.1622596e-01
   7.0151349e-01
   6.1126358e-01
   4.1144243e-01
   5.2804361e-01
   6.1109383e-01
   6.8947065e-01
   7.5259086e-01
   7.6112664e-01
   7.7758832e-01
   7.7420327e-01
   7.4142896e-01
   6.9737425e-01
   6.2217647e-01
   5.3028377e-01
   4.3051696e-01
   3.2347072e-01
   2.0477573e-01
   7.2543880e-02
  -3.7601237e-02
  -1.0267723e-01
  -1.4807591e-01
  -1.6853808e-01
  -1.2456021e-01
  -2.6327072e-02
   1.0629870e-01
   2.5377235e-01
   4.1093958e-01
   5.4824469e-01
   6.4214174e-01
   6.7357815e-01
   6.2666109e-01
   5.0253125e-01
   1.1781636e-01
   2.4680520e-01
   3.4895441e-01
   4.5772123e-01
   5.6929387e-01
   6.4641122e-01
   7.2761040e-01
   7.7964784e-01
   8.0789881e-01
   8.1256752e-01
   7.9268729e-01
   7.3778561e-01
   6.7133226e-01
   5.8890810e-01
   4.8558557e-01
   3.6429597e-01
   2.5040973e-01
   1.7220369e-01
   1.1065250e-01
   7.7196859e-02
   8.7390180e-02
   1.6477399e-01
   2.6103989e-01
   3.7358641e-01
   5.0269672e-01
   6.1712015e-01
   7.0588601e-01
   7.3807237e-01
   6.9004773e-01
   5.6655495e-01
   1.5496865e-04
   1.4631564e-01
   2.7442778e-01
   4.1755587e-01
   5.6949041e-01
   7.0206485e-01
   8.1530408e-01
   8.8502662e-01
   9.2671308e-01
   9.2642925e-01
   9.1013407e-01
   8.4990352e-01
   7.8677339e-01
   7.0366180e-01
   6.0806174e-01
   5.1130803e-01
   4.1275805e-01
   3.4880624e-01
   3.0017836e-01
   2.7907534e-01
   2.7534583e-01
   3.4151961e-01
   4.1142736e-01
   4.9658349e-01
   6.0205460e-01
   7.0282932e-01
   8.0178876e-01
   8.5714131e-01
   8.4092424e-01
   7.5992916e-01
   9.4040614e-04
   1.4572557e-01
   2.8203354e-01
   4.3811083e-01
   6.0783808e-01
   7.6320639e-01
   8.7674632e-01
   9.3350729e-01
   9.5176564e-01
   9.1356189e-01
   8.6254755e-01
   7.6598878e-01
   6.8261901e-01
   5.8058158e-01
   4.8133105e-01
   4.0775018e-01
   3.3557081e-01
   3.0320879e-01
   2.9074899e-01
   2.9660441e-01
   3.0119107e-01
   3.6595947e-01
   4.2164771e-01
   4.8316454e-01
   5.6223946e-01
   6.4337947e-01
   7.4595721e-01
   8.1343672e-01
   8.3221037e-01
   8.1228207e-01
   7.0254211e-02
   1.7016054e-01
   2.6786970e-01
   3.9052414e-01
   5.3620312e-01
   6.7078265e-01
   7.6043328e-01
   7.8848740e-01
   7.7365673e-01
   7.0241206e-01
   6.1548010e-01
   4.8150986e-01
   3.7286819e-01
   2.4997628e-01
   1.3873117e-01
   6.9223605e-02
   7.8187194e-03
  -7.9088469e-03
   3.0782661e-03
   2.2435270e-02
   3.5182395e-02
   9.5905635e-02
   1.4357144e-01
   1.8577895e-01
   2.4394290e-01
   3.0772026e-01
   4.0824854e-01
   4.7704052e-01
   5.2528790e-01
   5.6573304e-01
   2.0266646e-01
   2.3675234e-01
   2.6550885e-01
   3.1987011e-01
   4.0091128e-01
   4.7554915e-01
   5.2283498e-01
   5.1494420e-01
   4.7261284e-01
   3.8645535e-01
   2.8120389e-01
   1.2876923e-01
  -3.0444230e-03
  -1.3978378e-01
  -2.6657957e-01
  -3.5300831e-01
  -4.2824723e-01
  -4.5378529e-01
  -4.4980420e-01
  -4.3793135e-01
  -4.2370363e-01
  -3.6546063e-01
  -3.1685881e-01
  -2.7290948e-01
  -2.1195910e-01
  -1.4366414e-01
  -4.0965419e-02
   3.2840261e-02
   1.0463894e-01
   1.7810670e-01
   3.1892560e-01
   3.2258561e-01
   3.1361791e-01
   3.2681617e-01
   3.5763604e-01
   3.8423438e-01
   4.0673258e-01
   3.8498182e-01
   3.3814153e-01
   2.5512902e-01
   1.5218618e-01
   3.9926223e-04
  -1.5337657e-01
  -3.0685282e-01
  -4.5922766e-01
  -5.8576490e-01
  -7.0408051e-01
  -7.7244808e-01
  -8.1210920e-01
  -8.3265119e-01
  -8.3060079e-01
  -7.8208792e-01
  -7.3626287e-01
  -6.7560731e-01
  -5.9972029e-01
  -5.1228514e-01
  -4.1006128e-01
  -3.2878153e-01
  -2.4587293e-01
  -1.8027653e-01
   3.8452025e-01
   4.2234704e-01
   4.4234132e-01
   4.7456290e-01
   5.1120478e-01
   5.3699758e-01
   5.7184764e-01
   5.6943788e-01
   5.3607728e-01
   4.5730171e-01
   3.5754602e-01
   2.0645488e-01
   2.6120026e-02
  -1.5924707e-01
  -3.4950650e-01
  -5.3068767e-01
  -7.0447658e-01
  -8.3301406e-01
  -9.3253311e-01
  -9.9748716e-01
  -1.0179485e+00
  -9.9120899e-01
  -9.6252960e-01
  -8.9860104e-01
  -8.3244388e-01
  -7.4855281e-01
  -6.7846483e-01
  -6.1731012e-01
  -5.6215768e-01
  -5.5346870e-01
   7.4137207e-01
   8.3282939e-01
   8.8454343e-01
   9.2270250e-01
   9.0718926e-01
   8.4664406e-01
   7.4363380e-01
   6.2528610e-01
   4.6413843e-01
   3.0638892e-01
   1.1118203e-01
  -6.0863903e-02
  -2.2140773e-01
  -3.9138126e-01
  -5.1838486e-01
  -6.2006054e-01
  -6.9385749e-01
  -6.9371023e-01
  -6.7641890e-01
  -6.1204117e-01
  -4.9066695e-01
  -3.1965069e-01
  -1.0624188e-01
   1.1847738e-01
   3.4641916e-01
   5.6473251e-01
   7.2243784e-01
   8.3403826e-01
   8.7241817e-01
   8.2755120e-01
   6.1336593e-01
   7.4065502e-01
   8.2420416e-01
   8.9138611e-01
   9.1330571e-01
   8.6600165e-01
   8.0170483e-01
   7.1377906e-01
   5.8146688e-01
   4.4559229e-01
   2.7547590e-01
   1.1134131e-01
  -4.9916134e-02
  -2.1528128e-01
  -3.6048792e-01
  -4.9761564e-01
  -5.9910400e-01
  -6.2647203e-01
  -6.3409912e-01
  -5.9412034e-01
  -4.7849548e-01
  -3.0965757e-01
  -9.1823633e-02
   1.4574213e-01
   3.9047330e-01
   6.1890594e-01
   7.7981310e-01
   8.8047294e-01
   9.0283072e-01
   8.3865904e-01
   2.6071443e-01
   4.0862767e-01
   5.2233650e-01
   6.2865490e-01
   7.1198937e-01
   7.3072942e-01
   7.5634283e-01
   7.4926378e-01
   7.0236114e-01
   6.4258427e-01
   5.4449672e-01
   4.2538783e-01
   2.9553395e-01
   1.5521019e-01
   7.5151658e-03
  -1.5575782e-01
  -2.9229372e-01
  -3.6652089e-01
  -4.2057483e-01
  -4.2862604e-01
  -3.6271338e-01
  -2.3549796e-01
  -6.4252671e-02
   1.3171757e-01
   3.4291579e-01
   5.3413315e-01
   6.7130120e-01
   7.4704245e-01
   7.4846487e-01
   6.6821234e-01
  -7.7215518e-02
   8.8861149e-02
   2.3441855e-01
   3.8467575e-01
   5.3163622e-01
   6.3370763e-01
   7.4354357e-01
   8.1082602e-01
   8.4325842e-01
   8.4758356e-01
   8.1367758e-01
   7.3667190e-01
   6.4370100e-01
   5.3200518e-01
   4.0009983e-01
   2.4529129e-01
   9.8069944e-02
   1.2533106e-03
  -7.7005270e-02
  -1.1519832e-01
  -1.0222777e-01
  -2.1789127e-02
   8.6789122e-02
   2.1856656e-01
   3.7063454e-01
   5.0539873e-01
   6.1051596e-01
   6.6126696e-01
   6.4386174e-01
   5.5352764e-01
  -2.5793495e-01
  -7.0124475e-02
   1.1053822e-01
   3.0692769e-01
   5.1004315e-01
   6.8478373e-01
   8.4686562e-01
   9.5353118e-01
   1.0224904e+00
   1.0406258e+00
   1.0240498e+00
   9.5177435e-01
   8.6781335e-01
   7.6086044e-01
   6.3872855e-01
   5.0809097e-01
   3.7296145e-01
   2.8325000e-01
   2.1486547e-01
   1.7743544e-01
   1.6708583e-01
   2.2339695e-01
   2.9032323e-01
   3.7425302e-01
   4.7800428e-01
   5.7068094e-01
   6.5726918e-01
   6.9627994e-01
   6.7708643e-01
   5.9814918e-01
  -3.0751219e-01
  -1.1907417e-01
   7.3259654e-02
   2.8926037e-01
   5.2115558e-01
   7.3289326e-01
   9.1051922e-01
   1.0232781e+00
   1.0902127e+00
   1.0887915e+00
   1.0566114e+00
   9.6396554e-01
   8.6950268e-01
   7.5074554e-01
   6.2899954e-01
   5.2275787e-01
   4.1311359e-01
   3.4747263e-01
   3.1125326e-01
   2.9244870e-01
   2.8688306e-01
   3.3835007e-01
   3.8477595e-01
   4.3684435e-01
   5.0288834e-01
   5.6243922e-01
   6.3417052e-01
   6.5992182e-01
   6.4725036e-01
   5.9716994e-01
  -2.1382588e-01
  -7.5272465e-02
   7.0978630e-02
   2.4637835e-01
   4.4832064e-01
   6.3759177e-01
   7.8833833e-01
   8.7403945e-01
   9.1247838e-01
   8.8390141e-01
   8.2915372e-01
   7.1266250e-01
   6.0435593e-01
   4.7519309e-01
   3.5023999e-01
   2.5566142e-01
   1.6395275e-01
   1.1465641e-01
   1.0176741e-01
   9.6090238e-02
   9.8600240e-02
   1.4667081e-01
   1.8161087e-01
   2.1133125e-01
   2.5131798e-01
   2.8752914e-01
   3.4753736e-01
   3.6181311e-01
   3.6318566e-01
   3.5195953e-01
   6.1517295e-02
   1.1966272e-01
   1.7679206e-01
   2.6246722e-01
   3.7651762e-01
   4.8651140e-01
   5.7312828e-01
   6.0621629e-01
   6.0484358e-01
   5.5447464e-01
   4.8473001e-01
   3.5643563e-01
   2.3619153e-01
   1.0563480e-01
  -2.1454042e-02
  -1.1874560e-01
  -2.0958391e-01
  -2.6047592e-01
  -2.7549997e-01
  -2.8227566e-01
  -2.7990406e-01
  -2.3652965e-01
  -2.0683434e-01
  -1.8204682e-01
  -1.4822217e-01
  -1.1515588e-01
  -5.9955099e-02
  -4.5464575e-02
  -2.5242759e-02
  -1.0905300e-02
   3.8410974e-01
   3.8584983e-01
   3.7335196e-01
   3.8738067e-01
   4.1694759e-01
   4.4687571e-01
   4.7434685e-01
   4.6589473e-01
   4.3748825e-01
   3.7493800e-01
   3.0081469e-01
   1.7194345e-01
   3.8216467e-02
  -9.7624289e-02
  -2.3554090e-01
  -3.5575499e-01
  -4.7191697e-01
  -5.5182338e-01
  -6.0107146e-01
  -6.2965820e-01
  -6.4037969e-01
  -6.0919008e-01
  -5.8544294e-01
  -5.5045531e-01
  -5.0784409e-01
  -4.5923681e-01
  -4.0333680e-01
  -3.7507106e-01
  -3.3538624e-01
  -3.1880696e-01
   5.9919798e-01
   6.0366199e-01
   5.8614509e-01
   5.9022549e-01
   5.9308851e-01
   5.9133578e-01
   6.0004909e-01
   5.8916316e-01
   5.5621469e-01
   4.8749621e-01
   4.1144578e-01
   2.8416869e-01
   1.3177736e-01
  -2.3488405e-02
  -1.8546005e-01
  -3.4380528e-01
  -5.0080493e-01
  -6.2798304e-01
  -7.2767447e-01
  -7.9242737e-01
  -8.2528463e-01
  -8.1590208e-01
  -8.0610327e-01
  -7.6834559e-01
  -7.2998323e-01
  -6.7830008e-01
  -6.4133246e-01
  -6.1541942e-01
  -5.8504657e-01
  -6.0520259e-01
   7.8880476e-01
   8.5077691e-01
   8.6416020e-01
   8.5914634e-01
   7.9320896e-01
   6.9656255e-01
   5.5846105e-01
   4.1867423e-01
   2.4594360e-01
   9.9975000e-02
  -6.9914992e-02
  -2.0708789e-01
  -3.2272226e-01
  -4.2973665e-01
  -5.0005997e-01
  -5.4443324e-01
  -5.6565482e-01
  -5.2008145e-01
  -4.7056700e-01
  -3.8922492e-01
  -2.6486638e-01
  -9.8677705e-02
   9.0578331e-02
   2.8240232e-01
   4.7448840e-01
   6.5816434e-01
   7.8778537e-01
   8.7025691e-01
   8.8825660e-01
   8.3376690e-01
   4.0216928e-01
   4.9681169e-01
   5.4903737e-01
   5.8107995e-01
   5.6170792e-01
   4.8833765e-01
   3.9690845e-01
   2.9187969e-01
   1.4916807e-01
   2.8075795e-02
  -1.1694350e-01
  -2.4154964e-01
  -3.4947067e-01
  -4.3971862e-01
  -5.0883459e-01
  -5.6240406e-01
  -5.8056313e-01
  -5.2749666e-01
  -4.7084099e-01
  -3.7878818e-01
  -2.2957561e-01
  -4.2437891e-02
   1.7054316e-01
   3.9325145e-01
   6.1424494e-01
   8.1566575e-01
   9.5346377e-01
   1.0289229e+00
   1.0350200e+00
   9.6925090e-01
  -2.8781966e-02
   9.5019404e-02
   1.9372043e-01
   2.7814837e-01
   3.3139536e-01
   3.2986205e-01
   3.2896436e-01
   2.9635221e-01
   2.2461062e-01
   1.6123821e-01
   6.3562698e-02
  -3.4721053e-02
  -1.2684895e-01
  -2.0310401e-01
  -2.7754716e-01
  -3.5367551e-01
  -3.9625952e-01
  -3.7146582e-01
  -3.4108876e-01
  -2.7443031e-01
  -1.5287908e-01
   7.8885405e-03
   1.8890216e-01
   3.8399025e-01
   5.8148287e-01
   7.5081261e-01
   8.6864000e-01
   9.2465552e-01
   9.1576019e-01
   8.4399330e-01
  -3.0487657e-01
  -1.4635306e-01
   1.5456487e-03
   1.4316017e-01
   2.7024125e-01
   3.5423595e-01
   4.3457341e-01
   4.6763927e-01
   4.6135231e-01
   4.4173292e-01
   3.8105983e-01
   3.0172322e-01
   2.2216444e-01
   1.5231709e-01
   7.6804518e-02
  -6.7533066e-03
  -7.1853094e-02
  -7.5086789e-02
  -7.0557139e-02
  -3.5336580e-02
   3.6161355e-02
   1.4963074e-01
   2.6901176e-01
   3.9991604e-01
   5.3604352e-01
   6.4260184e-01
   7.2121442e-01
   7.4592383e-01
   7.1209070e-01
   6.2725697e-01
  -4.3330178e-01
  -2.3983808e-01
  -4.7451629e-02
   1.4848079e-01
   3.3904839e-01
   4.9625491e-01
   6.2776262e-01
   7.0030199e-01
   7.2886011e-01
   7.1490041e-01
   6.5944724e-01
   5.7254771e-01
   4.8584017e-01
   4.0243270e-01
   3.2142898e-01
   2.4556679e-01
   1.7646264e-01
   1.6708431e-01
   1.7333948e-01
   2.0225420e-01
   2.4978241e-01
   3.3926279e-01
   4.1837613e-01
   5.0218367e-01
   5.8853181e-01
   6.4740317e-01
   6.9752612e-01
   6.9775231e-01
   6.4946747e-01
   5.6145934e-01
  -4.7133942e-01
  -2.7007554e-01
  -6.2583261e-02
   1.5847247e-01
   3.8392122e-01
   5.8087261e-01
   7.3270097e-01
   8.1996123e-01
   8.5560031e-01
   8.2509709e-01
   7.5668392e-01
   6.4667820e-01
   5.4134737e-01
   4.3199792e-01
   3.3829523e-01
   2.7354888e-01
   2.1449866e-01
   2.1343684e-01
   2.4195868e-01
   2.8439666e-01
   3.3929519e-01
   4.3138034e-01
   4.9979659e-01
   5.6511306e-01
   6.2665267e-01
   6.6280183e-01
   7.0094389e-01
   6.8738926e-01
   6.4418481e-01
   5.7485189e-01
  -3.6687373e-01
  -2.1385269e-01
  -5.3294387e-02
   1.2858509e-01
   3.2510522e-01
   4.9875301e-01
   6.2628986e-01
   6.9063674e-01
   7.0331989e-01
   6.4683290e-01
   5.6018447e-01
   4.2347393e-01
   2.9830444e-01
   1.6665451e-01
   5.7660253e-02
  -5.9659167e-03
  -5.9744044e-02
  -5.9258285e-02
  -1.7006106e-02
   3.6224109e-02
   1.0382930e-01
   2.0438294e-01
   2.7685018e-01
   3.4367152e-01
   4.0528282e-01
   4.4428135e-01
   4.9140178e-01
   4.8551207e-01
   4.7321539e-01
   4.4634781e-01
  -4.3982984e-02
   1.9893280e-02
   8.1430721e-02
   1.6502697e-01
   2.6494073e-01
   3.4856753e-01
   4.0431688e-01
   4.0797920e-01
   3.7474991e-01
   2.8931158e-01
   1.8625434e-01
   3.0932957e-02
  -1.1185603e-01
  -2.5388122e-01
  -3.7445720e-01
  -4.4909441e-01
  -5.1135369e-01
  -5.2496543e-01
  -4.9502315e-01
  -4.4732790e-01
  -3.8070779e-01
  -2.8015341e-01
  -2.0424245e-01
  -1.2663964e-01
  -5.1434746e-02
   6.9211052e-03
   7.3203592e-02
   9.2078698e-02
   1.2114228e-01
   1.3269221e-01
   3.6113860e-01
   3.4342705e-01
   3.1025078e-01
   2.9897640e-01
   2.9331470e-01
   2.7396902e-01
   2.5151330e-01
   1.9519409e-01
   1.1990408e-01
   1.1235864e-02
  -1.0005729e-01
  -2.6055181e-01
  -4.1559900e-01
  -5.6177210e-01
  -6.9219623e-01
  -7.8861595e-01
  -8.7495185e-01
  -9.2025415e-01
  -9.2938651e-01
  -9.0728836e-01
  -8.5912215e-01
  -7.7540344e-01
  -7.0773534e-01
  -6.2185362e-01
  -5.3596493e-01
  -4.5763677e-01
  -3.7774488e-01
  -3.3074149e-01
  -2.6795477e-01
  -2.4186607e-01
   6.6742893e-01
   6.2333915e-01
   5.5566161e-01
   5.0811229e-01
   4.5202868e-01
   3.7866317e-01
   3.1840087e-01
   2.4365093e-01
   1.5228876e-01
   3.4500906e-02
  -7.5519366e-02
  -2.2743870e-01
  -3.8917185e-01
  -5.4114090e-01
  -6.8422317e-01
  -8.0797983e-01
  -9.2551908e-01
  -1.0121601e+00
  -1.0722204e+00
  -1.0909719e+00
  -1.0766838e+00
  -1.0285908e+00
  -9.8816031e-01
  -9.1841772e-01
  -8.5128192e-01
  -7.8416105e-01
  -7.2613606e-01
  -6.8275503e-01
  -6.2774688e-01
  -6.3334821e-01
   1.0451727e+00
   1.0921526e+00
   1.0693318e+00
   1.0207588e+00
   9.0048426e-01
   7.4208530e-01
   5.4207945e-01
   3.4454607e-01
   1.3396285e-01
  -3.8588240e-02
  -2.2515310e-01
  -3.6839711e-01
  -4.7695674e-01
  -5.6751844e-01
  -6.2292860e-01
  -6.5564789e-01
  -6.6429230e-01
  -6.1685070e-01
  -5.7020209e-01
  -4.9279801e-01
  -3.8086540e-01
  -2.3285873e-01
  -6.8453627e-02
   1.0367231e-01
   2.8582409e-01
   4.6722542e-01
   6.0078731e-01
   7.0051712e-01
   7.5124410e-01
   7.3309398e-01
   4.0611931e-01
   4.8547345e-01
   5.0818885e-01
   5.0687617e-01
   4.4577951e-01
   3.2503904e-01
   1.8656528e-01
   3.9692787e-02
  -1.2449941e-01
  -2.5247113e-01
  -3.9328909e-01
  -5.0032700e-01
  -5.7539838e-01
  -6.2431350e-01
  -6.4777528e-01
  -6.5858275e-01
  -6.3788196e-01
  -5.5953314e-01
  -4.8835570e-01
  -3.8737345e-01
  -2.4469010e-01
  -7.9153272e-02
   1.0310089e-01
   2.9831942e-01
   4.9717515e-01
   6.8399057e-01
   8.1446478e-01
   8.9628583e-01
   9.2988609e-01
   8.9758313e-01
  -1.3155743e-01
   1.6328884e-03
   1.0418742e-01
   1.8918471e-01
   2.3457937e-01
   2.1374818e-01
   1.8752444e-01
   1.2659160e-01
   3.8883014e-02
  -3.2501000e-02
  -1.3221282e-01
  -2.1865421e-01
  -2.8562098e-01
  -3.2601555e-01
  -3.5396044e-01
  -3.8518051e-01
  -3.8713547e-01
  -3.3146131e-01
  -2.8332694e-01
  -2.0738692e-01
  -9.3850687e-02
   3.7629243e-02
   1.8326440e-01
   3.4553081e-01
   5.1395026e-01
   6.6380815e-01
   7.7191009e-01
   8.3424949e-01
   8.5633019e-01
   8.2621584e-01
  -3.8469995e-01
  -1.9007584e-01
  -4.5213677e-03
   1.6986787e-01
   3.1964779e-01
   4.0695803e-01
   4.7784029e-01
   4.8998157e-01
   4.6604549e-01
   4.2668805e-01
   3.4430328e-01
   2.5488830e-01
   1.7460199e-01
   1.1700451e-01
   6.6034957e-02
   4.0996566e-03
  -4.1206755e-02
  -2.6917414e-02
  -1.5513401e-02
   1.8305328e-02
   7.7024043e-02
   1.5698733e-01
   2.4328472e-01
   3.4462620e-01
   4.5691659e-01
   5.5231762e-01
   6.2978813e-01
   6.6899834e-01
   6.7346873e-01
   6.4129798e-01
  -4.6518555e-01
  -2.3074668e-01
   8.4465066e-03
   2.4536200e-01
   4.6628314e-01
   6.3238013e-01
   7.5945249e-01
   8.1517717e-01
   8.2453362e-01
   7.8389136e-01
   6.9502289e-01
   5.8174983e-01
   4.7328016e-01
   3.8042545e-01
   2.9898525e-01
   2.1736975e-01
   1.4465652e-01
   1.3573727e-01
   1.3893790e-01
   1.6009499e-01
   1.9911484e-01
   2.6563980e-01
   3.2574902e-01
   3.9438728e-01
   4.7295000e-01
   5.3504315e-01
   5.9200041e-01
   6.0897158e-01
   5.9680913e-01
   5.5749351e-01
  -4.9999479e-01
  -2.7185592e-01
  -2.9907117e-02
   2.2128862e-01
   4.6769319e-01
   6.7044508e-01
   8.2013891e-01
   8.9915321e-01
   9.2158705e-01
   8.7096115e-01
   7.7620496e-01
   6.4107335e-01
   5.0839255e-01
   3.7910955e-01
   2.6971786e-01
   1.8101379e-01
   1.0325329e-01
   8.8811613e-02
   1.0861073e-01
   1.4281483e-01
   2.0035506e-01
   2.8889919e-01
   3.5654836e-01
   4.2628551e-01
   4.9927226e-01
   5.5223502e-01
   5.9918732e-01
   5.9854574e-01
   5.8060800e-01
   5.4208978e-01
  -4.1391892e-01
  -2.5140920e-01
  -7.5762159e-02
   1.1913166e-01
   3.2128449e-01
   4.9312867e-01
   6.1694227e-01
   6.7740270e-01
   6.7977308e-01
   6.0947391e-01
   5.0671701e-01
   3.5214352e-01
   2.0093138e-01
   4.6840776e-02
  -8.2516811e-02
  -1.7525491e-01
  -2.4999483e-01
  -2.6550310e-01
  -2.2970609e-01
  -1.7857585e-01
  -9.3646175e-02
   2.4588577e-02
   1.1343660e-01
   2.0384213e-01
   2.9240039e-01
   3.5741455e-01
   4.1342997e-01
   4.1768202e-01
   4.2069995e-01
   4.0624064e-01
  -6.7165998e-02
  -9.0978607e-03
   4.7752552e-02
   1.2493010e-01
   2.1246287e-01
   2.7896150e-01
   3.1803494e-01
   3.0653015e-01
   2.5167834e-01
   1.4462763e-01
   2.2674698e-02
  -1.5066065e-01
  -3.1885442e-01
  -4.8116876e-01
  -6.1672548e-01
  -7.1096264e-01
  -7.8193467e-01
  -7.9715969e-01
  -7.5945773e-01
  -6.9809759e-01
  -5.9553720e-01
  -4.5613424e-01
  -3.4595540e-01
  -2.2700140e-01
  -1.1284016e-01
  -2.0420403e-02
   6.0779588e-02
   9.3459526e-02
   1.3590914e-01
   1.5109709e-01
   3.8594921e-01
   3.4028883e-01
   2.7910367e-01
   2.3947010e-01
   2.0323329e-01
   1.4842262e-01
   9.0873501e-02
   2.6054815e-03
  -1.0903836e-01
  -2.5120015e-01
  -3.9035954e-01
  -5.7179043e-01
  -7.4801125e-01
  -9.0596689e-01
  -1.0371544e+00
  -1.1307424e+00
  -1.2015826e+00
  -1.2201620e+00
  -1.1966222e+00
  -1.1357522e+00
  -1.0300138e+00
  -8.8656130e-01
  -7.6565148e-01
  -6.2540569e-01
  -4.9247373e-01
  -3.7687002e-01
  -2.7573172e-01
  -2.1315781e-01
  -1.3788696e-01
  -1.1384589e-01
   7.2232950e-01
   6.2592937e-01
   5.0946082e-01
   4.1779373e-01
   3.2097445e-01
   2.0500728e-01
   1.0262936e-01
  -4.9293981e-03
  -1.3002084e-01
  -2.7622426e-01
  -4.0898684e-01
  -5.7334519e-01
  -7.4170452e-01
  -8.9041007e-01
  -1.0177531e+00
  -1.1155918e+00
  -1.1968476e+00
  -1.2342212e+00
  -1.2436800e+00
  -1.2072671e+00
  -1.1273068e+00
  -1.0122089e+00
  -9.1096709e-01
  -7.8717761e-01
  -6.7376023e-01
  -5.7688066e-01
  -5.0046664e-01
  -4.4785141e-01
  -3.8692182e-01
  -4.0270972e-01
